 8192    1 3 IBMD Jakies widmo    12:22:37 07-Dec-17 000271.4A GMWPC0 ZFJA UW 
       0.       0.       0.       0.       0.       0.       0.       0.  0008
       0.       0.       0.       0.       0.       0.       0.       0.  0016
       0.       0.       0.       0.       0.       0.       0.       0.  0024
       0.       0.       0.       0.       0.       0.       0.       0.  0032
       0.       0.       0.       0.       0.       0.       0.       0.  0040
       0.       0.       0.       0.       0.       0.       0.       0.  0048
       0.       0.       0.       0.       0.       0.       0.       0.  0056
       0.       0.       0.       0.       0.       0.       0.       0.  0064
       0.       0.       0.       0.       0.       0.       0.       0.  0072
       0.       0.       0.       0.       0.       0.       0.       0.  0080
       0.       0.       0.       0.       0.       0.       0.       0.  0088
       0.       0.       0.       0.       0.       0.       0.       0.  0096
       0.       0.       0.       0.       0.       0.       0.       0.  0104
       0.       0.       0.       0.       0.       0.       0.       0.  0112
       0.       0.       0.       0.       0.       0.       0.       0.  0120
       0.       0.       0.       0.       0.       0.       0.       0.  0128
       0.       0.       0.       0.       0.       0.       0.       0.  0136
       0.       0.       0.       0.       0.       0.       0.       0.  0144
       0.       0.       0.       0.       0.       0.       0.       0.  0152
       0.       0.       0.       0.       0.       0.       0.       0.  0160
       0.       0.       0.       0.       0.       0.       0.       0.  0168
       0.       0.       0.       5.      16.       9.       8.       9.  0176
       9.       4.       4.      13.      21.     119.     380.    1465.  0184
    1183.     909.     677.     520.     503.     393.     283.     294.  0192
     237.     249.     209.     174.     168.     161.     157.     143.  0200
     140.     118.     102.     110.      91.     106.      84.      88.  0208
      88.      83.      82.      59.      72.      67.      84.      58.  0216
      66.      57.      52.      54.      49.      58.      51.      52.  0224
      53.      43.      41.      40.      42.      25.      49.      45.  0232
      39.      36.      36.      33.      27.      36.      26.      27.  0240
      20.      26.      26.      22.      29.      23.      26.      20.  0248
      35.      24.      19.      20.      18.      29.      21.      31.  0256
      19.      24.      28.      23.      18.      16.      12.      23.  0264
      20.      12.      15.      24.      24.       8.      16.      13.  0272
       8.      10.      13.      15.      15.      17.      12.      17.  0280
      16.      21.      11.      14.       6.       9.       9.       9.  0288
       7.      10.       4.       4.       9.       5.      11.       9.  0296
       8.       6.      10.      13.       7.       6.       6.       9.  0304
       8.      10.       9.      10.       9.       5.       6.       5.  0312
       4.       8.       6.      13.       7.       8.      11.      11.  0320
       5.       9.      10.      14.       2.       8.       2.       3.  0328
      11.       6.       5.       8.       4.       0.       8.       5.  0336
       6.       4.       5.       8.       6.       6.       6.       6.  0344
       6.       6.       4.       6.       4.       3.       9.       3.  0352
       1.       9.       5.       5.       7.       8.       4.       9.  0360
       3.       4.       4.       7.       4.       4.       3.       5.  0368
       5.       1.       5.       3.       4.       4.       3.       4.  0376
       2.       4.       2.       2.       3.       3.       3.       7.  0384
       3.       3.       2.       2.       4.       2.       2.       2.  0392
       2.       1.       3.       1.       4.       4.       0.       2.  0400
       3.       2.       1.       4.       5.       1.       1.       1.  0408
       3.       1.       1.       1.       3.       0.       2.       0.  0416
       1.       1.       0.       0.       2.       2.       0.       0.  0424
       4.       1.       0.       0.       0.       0.       3.       1.  0432
       3.       3.       1.       1.       0.       0.       0.       2.  0440
       1.       1.       1.       0.       1.       3.       2.       1.  0448
       1.       0.       0.       1.       1.       1.       1.       2.  0456
       2.       1.       0.       0.       1.       0.       1.       1.  0464
       1.       2.       0.       0.       0.       0.       1.       0.  0472
       0.       0.       2.       0.       1.       0.       1.       0.  0480
       1.       1.       2.       3.       2.       1.       0.       1.  0488
       1.       0.       1.       0.       2.       1.       0.       0.  0496
       0.       2.       0.       2.       0.       1.       1.       0.  0504
       0.       0.       0.       1.       1.       0.       1.       1.  0512
       1.       0.       0.       1.       0.       0.       0.       0.  0520
       0.       0.       0.       0.       0.       0.       0.       0.  0528
       0.       0.       1.       1.       0.       0.       0.       0.  0536
       0.       0.       0.       1.       0.       2.       0.       0.  0544
       0.       0.       0.       0.       0.       1.       1.       1.  0552
       0.       0.       0.       1.       1.       1.       1.       1.  0560
       0.       0.       0.       0.       0.       0.       1.       1.  0568
       0.       0.       0.       0.       0.       0.       0.       0.  0576
       1.       0.       1.       0.       1.       0.       0.       0.  0584
       0.       0.       0.       1.       2.       0.       0.       0.  0592
       1.       0.       0.       0.       0.       0.       0.       0.  0600
       0.       0.       0.       0.       0.       0.       0.       0.  0608
       0.       0.       0.       0.       0.       0.       0.       0.  0616
       0.       0.       0.       0.       0.       1.       0.       0.  0624
       0.       0.       0.       0.       0.       1.       0.       0.  0632
       0.       0.       0.       0.       0.       0.       0.       0.  0640
       0.       0.       0.       0.       0.       0.       0.       1.  0648
       1.       0.       1.       1.       0.       0.       0.       0.  0656
       0.       0.       0.       0.       2.       0.       0.       0.  0664
       0.       0.       0.       0.       0.       0.       0.       0.  0672
       0.       0.       0.       0.       0.       0.       0.       0.  0680
       0.       0.       0.       0.       0.       0.       0.       0.  0688
       0.       0.       0.       0.       0.       0.       0.       1.  0696
       0.       0.       0.       0.       0.       0.       0.       0.  0704
       0.       0.       0.       0.       0.       0.       0.       0.  0712
       0.       0.       0.       0.       0.       0.       0.       0.  0720
       1.       0.       0.       0.       0.       0.       1.       0.  0728
       0.       0.       0.       0.       0.       1.       0.       0.  0736
       0.       0.       0.       0.       1.       0.       0.       0.  0744
       0.       0.       0.       0.       0.       0.       0.       0.  0752
       0.       0.       0.       0.       0.       0.       0.       0.  0760
       0.       0.       0.       0.       0.       0.       0.       0.  0768
       0.       0.       0.       0.       0.       0.       0.       0.  0776
       0.       0.       0.       1.       0.       0.       0.       0.  0784
       0.       0.       0.       0.       0.       0.       0.       0.  0792
       0.       0.       0.       0.       1.       0.       0.       0.  0800
       0.       0.       0.       0.       0.       0.       0.       0.  0808
       0.       0.       0.       1.       0.       0.       0.       0.  0816
       0.       0.       0.       0.       0.       0.       0.       0.  0824
       0.       0.       1.       0.       0.       0.       0.       0.  0832
       0.       0.       0.       0.       0.       1.       1.       7.  0840
      21.      38.      90.     181.     347.     539.     872.    1184.  0848
    1428.    1665.    1826.    1750.    1640.    1408.    1065.     769.  0856
     511.     301.     159.      83.      41.      20.       3.       3.  0864
       0.       2.       1.       0.       0.       0.       0.       0.  0872
       1.       0.       0.       0.       0.       0.       0.       0.  0880
       0.       0.       0.       0.       0.       0.       0.       0.  0888
       0.       0.       1.       0.       0.       0.       0.       0.  0896
       0.       0.       1.       0.       0.       0.       0.       0.  0904
       0.       0.       1.       0.       0.       0.       0.       0.  0912
       0.       0.       0.       0.       0.       0.       0.       0.  0920
       0.       0.       0.       0.       0.       0.       0.       0.  0928
       0.       0.       0.       0.       0.       0.       0.       0.  0936
       0.       0.       0.       0.       0.       0.       0.       0.  0944
       0.       0.       0.       0.       0.       0.       0.       0.  0952
       0.       0.       0.       0.       0.       0.       0.       0.  0960
       0.       0.       0.       0.       0.       0.       0.       0.  0968
       0.       0.       0.       0.       0.       0.       1.       0.  0976
       0.       0.       0.       0.       0.       0.       0.       0.  0984
       0.       0.       0.       0.       0.       0.       0.       0.  0992
       0.       0.       0.       0.       1.       0.       1.       0.  1000
       0.       0.       0.       0.       0.       0.       0.       0.  1008
       0.       0.       0.       0.       0.       0.       0.       1.  1016
       0.       0.       0.       0.       0.       0.       0.       0.  1024
       0.       0.       0.       1.       0.       0.       0.       0.  1032
       0.       0.       0.       0.       0.       0.       1.       0.  1040
       0.       0.       0.       0.       0.       0.       0.       0.  1048
       0.       0.       0.       0.       0.       0.       0.       0.  1056
       0.       0.       0.       0.       0.       0.       0.       0.  1064
       0.       0.       0.       0.       0.       0.       0.       0.  1072
       0.       0.       0.       0.       0.       0.       1.       0.  1080
       0.       0.       0.       0.       0.       0.       0.       0.  1088
       1.       0.       0.       0.       0.       0.       0.       0.  1096
       0.       0.       0.       0.       0.       0.       0.       0.  1104
       0.       0.       0.       0.       0.       0.       0.       0.  1112
       1.       0.       0.       0.       0.       0.       0.       0.  1120
       0.       0.       0.       0.       0.       0.       0.       0.  1128
       0.       0.       0.       0.       0.       2.       2.       8.  1136
      20.      42.      96.     186.     333.     520.     826.    1118.  1144
    1442.    1620.    1904.    1775.    1689.    1413.    1073.     800.  1152
     509.     334.     200.      83.      49.      23.       9.       3.  1160
       0.       2.       0.       0.       0.       1.       0.       0.  1168
       0.       0.       1.       0.       0.       0.       0.       0.  1176
       0.       0.       0.       0.       2.       0.       0.       0.  1184
       0.       0.       0.       0.       0.       0.       0.       0.  1192
       0.       0.       0.       0.       1.       0.       0.       0.  1200
       0.       1.       0.       0.       0.       0.       0.       0.  1208
       0.       0.       0.       0.       0.       0.       0.       0.  1216
       0.       0.       0.       0.       1.       0.       0.       0.  1224
       0.       0.       0.       0.       0.       0.       0.       0.  1232
       0.       0.       0.       0.       0.       0.       0.       0.  1240
       0.       0.       0.       0.       0.       0.       0.       0.  1248
       0.       0.       0.       0.       1.       0.       1.       0.  1256
       0.       0.       0.       0.       0.       0.       1.       1.  1264
       0.       0.       0.       0.       0.       1.       0.       0.  1272
       0.       0.       0.       0.       1.       0.       0.       1.  1280
       0.       0.       0.       0.       0.       1.       0.       0.  1288
       0.       0.       0.       0.       0.       0.       0.       0.  1296
       0.       0.       0.       0.       0.       0.       0.       0.  1304
       0.       0.       1.       0.       0.       0.       0.       0.  1312
       0.       0.       0.       0.       0.       0.       0.       0.  1320
       0.       0.       0.       0.       0.       0.       0.       0.  1328
       0.       0.       0.       0.       0.       0.       0.       0.  1336
       0.       0.       0.       0.       0.       0.       0.       0.  1344
       0.       0.       0.       0.       0.       0.       0.       0.  1352
       0.       0.       0.       0.       0.       0.       0.       0.  1360
       0.       0.       0.       0.       0.       0.       0.       1.  1368
       0.       0.       0.       0.       0.       0.       0.       0.  1376
       0.       0.       0.       0.       0.       0.       0.       0.  1384
       0.       0.       1.       0.       0.       0.       0.       0.  1392
       0.       0.       0.       0.       0.       0.       0.       0.  1400
       0.       0.       0.       0.       0.       0.       0.       0.  1408
       0.       0.       0.       0.       0.       0.       0.       0.  1416
       0.       0.       1.       0.       0.       0.       0.       0.  1424
       0.       0.       0.       1.       0.       2.       3.       9.  1432
      16.      46.      79.     142.     284.     475.     781.    1017.  1440
    1246.    1572.    1738.    1800.    1654.    1365.    1126.     822.  1448
     512.     336.     197.     100.      39.      19.       7.       6.  1456
       1.       0.       0.       0.       0.       0.       0.       0.  1464
       0.       0.       1.       0.       0.       0.       0.       0.  1472
       0.       0.       0.       0.       0.       0.       0.       0.  1480
       1.       0.       0.       1.       0.       0.       0.       0.  1488
       0.       0.       0.       0.       0.       0.       0.       0.  1496
       0.       0.       0.       0.       0.       0.       0.       0.  1504
       1.       0.       0.       1.       0.       0.       1.       0.  1512
       0.       0.       0.       0.       0.       0.       0.       0.  1520
       0.       0.       0.       0.       0.       0.       0.       0.  1528
       0.       0.       0.       0.       0.       0.       0.       0.  1536
       0.       0.       0.       0.       1.       0.       0.       0.  1544
       0.       0.       0.       1.       3.       1.       0.       0.  1552
       0.       0.       0.       0.       0.       1.       0.       0.  1560
       0.       0.       0.       0.       0.       0.       0.       0.  1568
       0.       1.       0.       0.       0.       1.       1.       0.  1576
       0.       0.       0.       0.       0.       0.       0.       0.  1584
       0.       0.       1.       0.       0.       0.       0.       0.  1592
       0.       0.       0.       0.       0.       0.       0.       0.  1600
       0.       0.       0.       1.       1.       0.       0.       0.  1608
       0.       0.       0.       0.       0.       0.       0.       1.  1616
       0.       0.       0.       0.       0.       0.       0.       0.  1624
       0.       0.       0.       0.       0.       1.       0.       0.  1632
       0.       0.       1.       0.       0.       0.       0.       1.  1640
       0.       0.       0.       0.       0.       2.       0.       1.  1648
       0.       0.       0.       0.       1.       0.       0.       0.  1656
       0.       0.       0.       0.       0.       0.       0.       0.  1664
       0.       0.       0.       0.       0.       0.       0.       0.  1672
       0.       0.       0.       0.       0.       1.       0.       0.  1680
       0.       0.       0.       0.       0.       0.       0.       0.  1688
       0.       0.       0.       0.       0.       0.       0.       0.  1696
       0.       0.       0.       0.       0.       0.       0.       0.  1704
       0.       0.       0.       0.       0.       1.       1.       0.  1712
       1.       1.       0.       0.       0.       0.       1.       0.  1720
       0.       0.       0.       0.       0.       0.       0.       2.  1728
       3.      10.      17.      44.      90.     182.     323.     590.  1736
    1007.    1425.    1928.    2375.    2656.    2947.    2789.    2433.  1744
    2036.    1475.    1114.     728.     400.     214.     102.      53.  1752
      26.       5.       3.       2.       2.       1.       0.       1.  1760
       0.       0.       1.       0.       0.       0.       0.       0.  1768
       1.       0.       0.       0.       0.       1.       0.       0.  1776
       0.       0.       0.       0.       0.       0.       0.       0.  1784
       0.       0.       0.       0.       0.       0.       0.       0.  1792
       0.       0.       0.       0.       0.       0.       0.       0.  1800
       0.       0.       0.       0.       0.       0.       0.       0.  1808
       0.       0.       0.       0.       0.       0.       0.       0.  1816
       0.       0.       0.       0.       0.       0.       0.       0.  1824
       0.       0.       1.       0.       0.       0.       0.       0.  1832
       0.       1.       0.       0.       0.       0.       0.       0.  1840
       0.       0.       0.       0.       0.       0.       0.       0.  1848
       0.       0.       0.       0.       0.       1.       0.       0.  1856
       0.       0.       0.       0.       1.       0.       0.       0.  1864
       0.       0.       0.       0.       0.       0.       0.       0.  1872
       1.       0.       0.       0.       0.       1.       0.       0.  1880
       0.       1.       0.       0.       0.       0.       0.       0.  1888
       0.       0.       0.       0.       0.       0.       0.       0.  1896
       0.       0.       0.       0.       0.       0.       0.       0.  1904
       0.       0.       0.       0.       0.       1.       0.       1.  1912
       0.       0.       1.       0.       0.       1.       1.       0.  1920
       0.       0.       0.       0.       0.       2.       0.       0.  1928
       0.       0.       0.       0.       0.       0.       0.       0.  1936
       0.       0.       0.       1.       0.       0.       0.       0.  1944
       0.       0.       0.       0.       0.       0.       0.       0.  1952
       0.       0.       0.       0.       0.       0.       0.       0.  1960
       0.       0.       0.       0.       0.       1.       0.       0.  1968
       0.       0.       1.       0.       0.       0.       1.       0.  1976
       1.       0.       0.       0.       0.       0.       0.       0.  1984
       0.       1.       0.       1.       0.       0.       0.       1.  1992
       0.       0.       0.       0.       0.       0.       1.       0.  2000
       0.       1.       0.       1.       1.       0.       0.       0.  2008
       0.       0.       0.       0.       0.       0.       0.       0.  2016
       0.       0.       0.       0.       0.       0.       1.       1.  2024
       1.       4.      13.      17.      49.      71.     160.     305.  2032
     428.     672.     981.    1210.    1313.    1412.    1450.    1240.  2040
    1100.     833.     632.     372.     241.     125.      78.      41.  2048
      16.       5.       1.       3.       4.       6.       4.       5.  2056
       4.       3.       7.       4.       6.       3.      11.       8.  2064
      14.      15.       9.       8.       9.      12.      18.      18.  2072
      14.      19.      22.      23.      29.      23.      29.      28.  2080
      24.      29.      39.      29.      30.      38.      22.      28.  2088
      31.      25.      24.      26.      28.      26.      22.      21.  2096
      11.      19.      25.      12.      13.      12.      13.      12.  2104
       8.       6.      14.       9.      11.      10.       7.      12.  2112
       4.       5.       9.       4.       7.       3.       6.      10.  2120
       7.       4.       4.       2.       4.       4.       4.       8.  2128
       6.       5.       6.       3.       6.      11.       6.       5.  2136
       1.       5.       3.       3.       2.       3.       4.       3.  2144
       3.       4.       4.       2.       2.       2.       3.       4.  2152
       1.       4.       1.       2.       6.       0.       1.       1.  2160
       3.       2.       0.       1.       3.       2.       1.       1.  2168
       0.       0.       0.       0.       0.       1.       0.       0.  2176
       0.       1.       0.       1.       1.       1.       0.       2.  2184
       0.       1.       0.       0.       1.       0.       0.       0.  2192
       0.       0.       0.       0.       1.       0.       1.       1.  2200
       0.       1.       0.       0.       3.       0.       0.       0.  2208
       1.       0.       3.       1.       1.       0.       0.       0.  2216
       1.       0.       1.       0.       1.       0.       0.       1.  2224
       1.       0.       0.       1.       0.       1.       2.       0.  2232
       3.       1.       2.       1.       2.       0.       0.       2.  2240
       1.       1.       0.       4.       2.       1.       1.       2.  2248
       1.       1.       1.       0.       3.       0.       1.       0.  2256
       0.       1.       0.       0.       0.       0.       2.       2.  2264
       0.       3.       1.       2.       0.       0.       1.       1.  2272
       4.       0.       0.       2.       1.       1.       1.       0.  2280
       1.       0.       0.       0.       0.       2.       2.       1.  2288
       2.       0.       0.       2.       0.       0.       0.       0.  2296
       1.       1.       1.       0.       0.       1.       0.       0.  2304
       0.       0.       1.       0.       0.       1.       1.       1.  2312
       0.       0.       1.       0.       0.       0.       0.       0.  2320
       1.       1.       1.       3.       6.      13.      32.      68.  2328
     122.     238.     407.     607.     900.    1151.    1506.    1646.  2336
    1637.    1491.    1421.    1157.     824.     551.     379.     237.  2344
     120.      57.      25.      12.       3.       2.       1.       2.  2352
       0.       1.       1.       0.       1.       0.       1.       2.  2360
       1.       0.       1.       1.       1.       2.       0.       2.  2368
       0.       2.       0.       0.       0.       2.       0.       0.  2376
       0.       0.       1.       1.       2.       2.       1.       0.  2384
       0.       0.       1.       0.       1.       1.       1.       0.  2392
       1.       0.       1.       0.       1.       0.       1.       0.  2400
       0.       1.       1.       0.       0.       0.       1.       1.  2408
       3.       2.       1.       0.       0.       1.       3.       1.  2416
       0.       1.       3.       4.       2.       3.       1.       2.  2424
       2.       4.       2.       1.       2.       4.       1.       6.  2432
       0.       5.       1.       3.       2.       0.       2.       2.  2440
       3.       0.       3.       2.       1.       1.       3.       1.  2448
       4.       0.       2.       1.       2.       1.       0.       0.  2456
       1.       1.       0.       0.       0.       3.       0.       2.  2464
       0.       1.       0.       0.       0.       0.       0.       1.  2472
       1.       0.       1.       0.       0.       1.       1.       0.  2480
       0.       1.       2.       1.       0.       2.       1.       1.  2488
       2.       1.       1.       0.       0.       0.       1.       0.  2496
       0.       0.       2.       0.       0.       2.       2.       1.  2504
       4.       0.       1.       1.       3.       1.       2.       1.  2512
       2.       2.       3.       2.       2.       3.       2.       2.  2520
       1.       2.       2.       3.       0.       1.       1.       0.  2528
       2.       1.       2.       3.       4.       2.       2.       1.  2536
       4.       1.       4.       1.       2.       0.       1.       2.  2544
       1.       2.       2.       2.       2.       3.       6.       3.  2552
       1.       0.       2.       6.       4.       2.       5.       7.  2560
       2.       3.       7.       3.       2.       4.       4.       3.  2568
       6.       7.       9.       7.      10.      15.      10.      13.  2576
      17.      17.      17.      21.      17.      18.      21.      18.  2584
      23.      14.      16.       6.      10.       9.      12.      19.  2592
      21.      15.      25.      36.      38.      48.      58.      57.  2600
      82.     117.     124.     127.     156.     153.     176.     153.  2608
     160.     129.     137.     126.     110.     123.     135.     181.  2616
     214.     223.     327.     462.     530.     677.     748.     827.  2624
     890.     977.    1008.     917.     783.     652.     544.     388.  2632
     287.     214.      94.      77.      37.      31.      18.       1.  2640
       5.       7.       4.       1.       5.       1.       2.       2.  2648
       2.       2.       4.       1.       6.       2.       4.       1.  2656
       1.       4.       3.       1.       3.       1.       1.       0.  2664
       0.       0.       0.       0.       0.       0.       0.       0.  2672
       0.       0.       0.       0.       0.       0.       0.       0.  2680
       0.       0.       0.       0.       0.       0.       0.       0.  2688
       0.       0.       0.       0.       0.       0.       0.       0.  2696
       0.       0.       0.       0.       0.       0.       0.       0.  2704
       0.       0.       0.       0.       0.       0.       0.       0.  2712
       0.       0.       0.       0.       0.       0.       0.       0.  2720
       0.       0.       0.       0.       0.       0.       0.       0.  2728
       0.       0.       0.       0.       0.       0.       0.       0.  2736
       0.       0.       0.       0.       0.       0.       0.       0.  2744
       0.       0.       0.       0.       0.       0.       0.       0.  2752
       0.       0.       0.       0.       0.       0.       0.       0.  2760
       0.       0.       0.       0.       0.       0.       0.       0.  2768
       0.       0.       0.       0.       0.       0.       0.       0.  2776
       0.       0.       0.       0.       0.       0.       0.       0.  2784
       0.       0.       0.       0.       0.       0.       0.       0.  2792
       0.       0.       0.       0.       0.       0.       0.       0.  2800
       0.       0.       0.       0.       0.       0.       0.       0.  2808
       0.       0.       0.       0.       0.       0.       0.       0.  2816
       0.       0.       0.       0.       0.       0.       0.       0.  2824
       0.       0.       0.       0.       0.       0.       0.       0.  2832
       0.       0.       0.       0.       0.       0.       0.       0.  2840
       0.       0.       0.       0.       0.       0.       0.       0.  2848
       0.       0.       0.       0.       0.       1.       1.       0.  2856
       0.       0.       0.       0.       0.       0.       0.       2.  2864
       0.       0.       0.       0.       0.       0.       1.       2.  2872
       1.       0.       0.       0.       1.       4.       5.       0.  2880
       0.       1.       1.       0.       2.       4.       1.       0.  2888
       3.       0.       1.       4.       6.       6.       2.       3.  2896
       6.       4.       5.       9.       9.      13.      11.      10.  2904
      17.      26.      13.      22.      24.      39.      43.      36.  2912
      53.      43.      74.      87.      85.     107.     128.     127.  2920
     165.     213.     243.     303.     375.     498.     564.     650.  2928
     848.     935.    1043.    1076.    1120.    1050.     956.     808.  2936
     691.     585.     488.     488.     351.     303.     247.     227.  2944
     181.     170.     139.     131.     107.      88.      87.      74.  2952
      49.      58.      48.      34.      29.      30.      28.      25.  2960
      13.      19.      14.       9.       8.      16.       8.       9.  2968
       7.       3.       5.       6.       3.       3.       6.       2.  2976
       2.       2.       6.       0.       7.       1.       1.       0.  2984
       1.       2.       3.       7.       1.       0.       4.       1.  2992
       4.       0.       1.       3.       1.       1.       0.       2.  3000
       1.       0.       0.       0.       1.       2.       0.       0.  3008
       0.       1.       1.       1.       0.       1.       0.       0.  3016
       0.       0.       0.       1.       0.       0.       0.       0.  3024
       0.       0.       0.       0.       0.       0.       0.       0.  3032
       0.       0.       0.       0.       0.       0.       0.       0.  3040
       0.       0.       0.       0.       0.       0.       0.       0.  3048
       0.       0.       0.       0.       0.       1.       2.       7.  3056
       4.      12.      13.      25.      30.      33.      28.      37.  3064
      38.      28.      41.      18.      15.      13.       6.       5.  3072
       4.       3.       1.       0.       0.       0.       0.       0.  3080
       0.       0.       0.       0.       0.       0.       0.       0.  3088
       0.       0.       0.       0.       0.       0.       0.       0.  3096
       0.       0.       0.       0.       0.       0.       0.       0.  3104
       0.       0.       0.       0.       0.       0.       0.       0.  3112
       0.       0.       0.       0.       0.       0.       0.       0.  3120
       0.       0.       0.       0.       0.       0.       0.       0.  3128
       0.       0.       0.       0.       0.       0.       0.       0.  3136
       0.       0.       0.       0.       0.       0.       0.       0.  3144
       0.       0.       0.       0.       0.       0.       0.       0.  3152
       0.       1.       0.       0.       0.       0.       0.       0.  3160
       0.       0.       0.       0.       0.       0.       0.       0.  3168
       0.       0.       0.       0.       0.       0.       0.       0.  3176
       0.       0.       0.       0.       0.       0.       0.       0.  3184
       0.       0.       0.       0.       0.       0.       0.       0.  3192
       0.       0.       0.       0.       0.       0.       0.       0.  3200
       0.       0.       0.       0.       0.       0.       0.       0.  3208
       0.       0.       0.       0.       1.       0.       2.       2.  3216
       6.      14.      27.      51.     107.     173.     314.     374.  3224
     542.     652.     851.     948.     947.     824.     736.     610.  3232
     451.     262.     188.     126.      49.      21.      16.       7.  3240
       4.       0.       1.       0.       0.       0.       0.       0.  3248
       0.       0.       0.       0.       0.       0.       0.       0.  3256
       0.       0.       0.       0.       0.       0.       0.       0.  3264
       0.       0.       0.       0.       0.       0.       0.       0.  3272
       0.       0.       0.       0.       0.       0.       0.       0.  3280
       0.       0.       0.       0.       0.       0.       0.       0.  3288
       0.       0.       0.       0.       0.       0.       0.       0.  3296
       0.       0.       0.       0.       0.       0.       0.       0.  3304
       0.       0.       0.       0.       0.       0.       0.       0.  3312
       0.       0.       0.       0.       0.       0.       0.       0.  3320
       0.       0.       0.       0.       0.       0.       0.       0.  3328
       0.       0.       0.       0.       0.       0.       0.       0.  3336
       0.       0.       0.       0.       0.       0.       0.       0.  3344
       0.       0.       0.       0.       0.       0.       0.       0.  3352
       0.       0.       0.       0.       0.       0.       0.       0.  3360
       0.       0.       0.       0.       0.       0.       0.       0.  3368
       0.       0.       0.       0.       0.       0.       0.       0.  3376
       0.       0.       0.       1.       0.       0.       0.       0.  3384
       0.       0.       0.       0.       0.       0.       0.       0.  3392
       0.       0.       0.       0.       0.       0.       0.       0.  3400
       0.       0.       0.       0.       0.       0.       0.       0.  3408
       0.       0.       0.       0.       0.       0.       0.       0.  3416
       0.       0.       0.       0.       0.       0.       0.       0.  3424
       0.       0.       0.       0.       0.       0.       0.       0.  3432
       0.       0.       0.       0.       0.       0.       0.       0.  3440
       0.       0.       0.       0.       0.       0.       0.       0.  3448
       0.       0.       0.       0.       0.       0.       0.       0.  3456
       0.       0.       0.       0.       0.       0.       0.       0.  3464
       0.       0.       0.       0.       0.       0.       0.       0.  3472
       0.       0.       0.       0.       0.       0.       0.       0.  3480
       0.       0.       0.       0.       0.       0.       0.       0.  3488
       0.       0.       0.       0.       0.       0.       0.       0.  3496
       0.       0.       0.       0.       0.       0.       0.       0.  3504
       0.       0.       0.       0.       0.       0.       0.       0.  3512
       0.       0.       0.       0.       0.       0.       0.       0.  3520
       0.       0.       0.       0.       0.       0.       0.       0.  3528
       0.       0.       0.       0.       0.       0.       0.       0.  3536
       0.       0.       0.       0.       0.       0.       0.       0.  3544
       0.       0.       0.       0.       0.       0.       0.       0.  3552
       0.       0.       0.       0.       0.       0.       0.       0.  3560
       0.       0.       0.       0.       0.       0.       0.       0.  3568
       0.       0.       0.       0.       0.       0.       0.       0.  3576
       0.       0.       0.       0.       0.       0.       0.       0.  3584
       0.       0.       0.       0.       0.       0.       0.       0.  3592
       1.       0.       0.       0.       0.       0.       0.       0.  3600
       0.       0.       0.       0.       0.       0.       0.       0.  3608
       0.       0.       0.       0.       0.       0.       0.       0.  3616
       0.       0.       0.       0.       0.       0.       0.       0.  3624
       0.       0.       0.       0.       0.       0.       0.       0.  3632
       0.       0.       0.       0.       0.       0.       0.       0.  3640
       0.       0.       0.       0.       0.       0.       0.       0.  3648
       0.       0.       0.       0.       0.       0.       0.       0.  3656
       0.       0.       0.       0.       0.       0.       0.       0.  3664
       0.       0.       0.       0.       0.       0.       0.       0.  3672
       0.       0.       0.       0.       0.       0.       0.       0.  3680
       0.       0.       0.       0.       0.       0.       0.       0.  3688
       0.       0.       0.       0.       0.       0.       0.       0.  3696
       0.       0.       0.       0.       0.       0.       0.       0.  3704
       0.       0.       0.       0.       0.       0.       0.       0.  3712
       0.       0.       0.       0.       0.       0.       0.       0.  3720
       0.       0.       0.       0.       0.       0.       0.       0.  3728
       0.       0.       0.       0.       0.       0.       0.       0.  3736
       0.       0.       0.       0.       0.       0.       0.       0.  3744
       0.       0.       0.       0.       0.       0.       0.       0.  3752
       0.       0.       0.       0.       0.       0.       0.       0.  3760
       0.       0.       0.       0.       0.       0.       0.       0.  3768
       0.       0.       0.       0.       0.       0.       0.       0.  3776
       0.       0.       0.       0.       0.       0.       0.       0.  3784
       0.       0.       0.       0.       0.       0.       0.       0.  3792
       0.       0.       0.       0.       0.       0.       0.       0.  3800
       0.       0.       0.       0.       0.       0.       0.       0.  3808
       0.       0.       0.       0.       0.       0.       0.       0.  3816
       0.       0.       0.       0.       0.       0.       0.       0.  3824
       0.       0.       0.       0.       0.       0.       0.       0.  3832
       0.       0.       0.       0.       0.       0.       0.       0.  3840
       0.       0.       0.       0.       0.       0.       0.       0.  3848
       0.       0.       0.       0.       0.       0.       0.       0.  3856
       0.       0.       0.       0.       0.       0.       0.       0.  3864
       0.       0.       0.       0.       0.       0.       0.       0.  3872
       0.       0.       0.       0.       0.       0.       0.       0.  3880
       0.       0.       0.       0.       0.       0.       0.       0.  3888
       0.       0.       0.       0.       0.       0.       0.       0.  3896
       0.       0.       0.       0.       0.       0.       0.       0.  3904
       0.       0.       0.       0.       0.       0.       0.       0.  3912
       0.       0.       0.       0.       0.       0.       0.       0.  3920
       0.       0.       0.       0.       0.       0.       0.       0.  3928
       0.       0.       0.       0.       0.       0.       0.       0.  3936
       0.       0.       0.       0.       0.       0.       0.       0.  3944
       0.       0.       0.       0.       0.       0.       0.       0.  3952
       0.       0.       0.       0.       0.       0.       0.       0.  3960
       0.       0.       0.       0.       0.       0.       0.       0.  3968
       0.       0.       0.       0.       0.       0.       0.       0.  3976
       0.       0.       0.       0.       0.       0.       0.       0.  3984
       0.       0.       0.       0.       0.       0.       0.       0.  3992
       0.       0.       0.       0.       0.       0.       0.       0.  4000
       0.       0.       0.       0.       0.       0.       0.       0.  4008
       0.       0.       0.       0.       0.       0.       0.       0.  4016
       0.       0.       0.       0.       0.       0.       0.       0.  4024
       0.       0.       0.       0.       0.       0.       0.       0.  4032
       0.       0.       0.       0.       0.       0.       0.       0.  4040
       0.       0.       0.       0.       0.       0.       0.       0.  4048
       0.       0.       0.       0.       0.       0.       0.       0.  4056
       0.       0.       0.       0.       0.       0.       0.       0.  4064
       0.       0.       0.       0.       0.       0.       0.       0.  4072
       0.       0.       0.       0.       0.       0.       0.       0.  4080
       0.       0.       0.       0.       0.       0.       0.       0.  4088
       0.       0.       0.       0.       0.       0.       0.       0.  4096
       0.       0.       0.       0.       0.       0.       0.       0.  4104
       0.       0.       0.       0.       0.       0.       0.       0.  4112
       0.       0.       0.       0.       0.       0.       0.       0.  4120
       0.       0.       0.       0.       0.       0.       0.       0.  4128
       0.       0.       0.       0.       0.       0.       0.       0.  4136
       0.       0.       0.       0.       0.       0.       0.       0.  4144
       0.       0.       0.       0.       0.       0.       0.       0.  4152
       0.       0.       0.       0.       0.       0.       0.       0.  4160
       0.       0.       0.       0.       0.       0.       0.       0.  4168
       0.       0.       0.       0.       0.       0.       0.       0.  4176
       0.       0.       0.       0.       0.       0.       0.       0.  4184
       0.       0.       0.       0.       0.       0.       0.       0.  4192
       0.       0.       0.       0.       0.       0.       0.       0.  4200
       0.       0.       0.       0.       0.       0.       0.       0.  4208
       0.       0.       0.       0.       0.       0.       0.       0.  4216
       0.       0.       0.       0.       0.       0.       0.       0.  4224
       0.       0.       0.       0.       0.       0.       0.       0.  4232
       0.       0.       0.       0.       0.       0.       0.       0.  4240
       0.       0.       0.       0.       0.       0.       0.       0.  4248
       0.       0.       0.       0.       0.       0.       0.       0.  4256
       0.       0.       0.       0.       0.       0.       0.       0.  4264
       0.       0.       0.       0.       0.       0.       0.       0.  4272
       0.       0.       0.       0.       0.       0.       0.       0.  4280
       0.       0.       0.       0.       0.       0.       0.       0.  4288
       0.       0.       0.       0.       0.       0.       0.       0.  4296
       0.       0.       0.       0.       0.       0.       0.       0.  4304
       0.       0.       0.       0.       0.       0.       0.       0.  4312
       0.       0.       0.       0.       0.       0.       0.       0.  4320
       0.       0.       0.       0.       0.       0.       0.       0.  4328
       0.       0.       0.       0.       0.       0.       0.       0.  4336
       0.       0.       0.       0.       0.       0.       0.       0.  4344
       0.       0.       0.       0.       0.       0.       0.       0.  4352
       0.       0.       0.       0.       0.       0.       0.       0.  4360
       0.       0.       0.       0.       0.       0.       0.       0.  4368
       0.       0.       0.       0.       0.       0.       0.       0.  4376
       0.       0.       0.       0.       0.       0.       0.       0.  4384
       0.       0.       0.       0.       0.       0.       0.       0.  4392
       0.       0.       0.       0.       0.       0.       0.       0.  4400
       0.       0.       0.       0.       0.       0.       0.       0.  4408
       0.       0.       0.       0.       0.       0.       0.       0.  4416
       0.       0.       0.       0.       0.       0.       0.       0.  4424
       0.       0.       0.       0.       0.       0.       0.       0.  4432
       0.       0.       0.       0.       0.       0.       0.       0.  4440
       0.       0.       0.       0.       0.       0.       0.       0.  4448
       0.       0.       0.       0.       0.       0.       0.       0.  4456
       0.       0.       0.       0.       0.       0.       0.       0.  4464
       0.       0.       0.       0.       0.       0.       0.       0.  4472
       0.       0.       0.       0.       0.       0.       0.       0.  4480
       0.       0.       0.       0.       0.       0.       0.       0.  4488
       0.       0.       0.       0.       0.       0.       0.       0.  4496
       0.       0.       0.       0.       0.       0.       0.       0.  4504
       0.       0.       0.       0.       0.       0.       0.       0.  4512
       0.       0.       0.       0.       0.       0.       0.       0.  4520
       0.       0.       0.       0.       0.       0.       0.       0.  4528
       0.       0.       0.       0.       0.       0.       0.       0.  4536
       0.       0.       0.       0.       0.       0.       0.       0.  4544
       0.       0.       0.       0.       0.       0.       0.       0.  4552
       0.       0.       0.       0.       0.       0.       0.       0.  4560
       0.       0.       0.       0.       0.       0.       0.       0.  4568
       0.       0.       0.       0.       0.       0.       0.       0.  4576
       0.       0.       0.       0.       0.       0.       0.       0.  4584
       0.       0.       0.       0.       0.       0.       0.       0.  4592
       0.       0.       0.       0.       0.       0.       0.       0.  4600
       0.       0.       0.       0.       0.       0.       0.       0.  4608
       0.       0.       0.       0.       0.       0.       0.       0.  4616
       0.       0.       0.       0.       0.       0.       0.       0.  4624
       0.       0.       0.       0.       0.       0.       0.       0.  4632
       0.       0.       0.       0.       0.       0.       0.       0.  4640
       0.       0.       0.       0.       0.       0.       0.       0.  4648
       0.       0.       0.       0.       0.       0.       0.       0.  4656
       0.       0.       0.       0.       0.       0.       0.       0.  4664
       0.       0.       0.       0.       0.       0.       0.       0.  4672
       0.       0.       0.       0.       0.       0.       0.       0.  4680
       0.       0.       0.       0.       0.       0.       0.       0.  4688
       0.       0.       0.       0.       0.       0.       0.       0.  4696
       0.       0.       0.       0.       0.       0.       0.       0.  4704
       0.       0.       0.       0.       0.       0.       0.       0.  4712
       0.       0.       0.       0.       0.       0.       0.       0.  4720
       0.       0.       0.       0.       0.       0.       0.       0.  4728
       0.       0.       0.       0.       0.       0.       0.       0.  4736
       0.       0.       0.       0.       0.       0.       0.       0.  4744
       0.       0.       0.       0.       0.       0.       0.       0.  4752
       0.       0.       0.       0.       0.       0.       0.       0.  4760
       0.       0.       0.       0.       0.       0.       0.       0.  4768
       0.       0.       0.       0.       0.       0.       0.       0.  4776
       0.       0.       0.       0.       0.       0.       0.       0.  4784
       0.       0.       0.       0.       0.       0.       0.       0.  4792
       0.       0.       0.       0.       0.       0.       0.       0.  4800
       0.       0.       0.       0.       0.       0.       0.       0.  4808
       0.       0.       0.       0.       0.       0.       0.       0.  4816
       0.       0.       0.       0.       0.       0.       0.       0.  4824
       0.       0.       0.       0.       0.       0.       0.       0.  4832
       0.       0.       0.       0.       0.       0.       0.       0.  4840
       0.       0.       0.       0.       0.       0.       0.       0.  4848
       0.       0.       0.       0.       0.       0.       0.       0.  4856
       0.       0.       0.       0.       0.       0.       0.       0.  4864
       0.       0.       0.       0.       0.       0.       0.       0.  4872
       0.       0.       0.       0.       0.       0.       0.       0.  4880
       0.       0.       0.       0.       0.       0.       0.       0.  4888
       0.       0.       0.       0.       0.       0.       0.       0.  4896
       0.       0.       0.       0.       0.       0.       0.       0.  4904
       0.       0.       0.       0.       0.       0.       0.       0.  4912
       0.       0.       0.       0.       0.       0.       0.       0.  4920
       0.       0.       0.       0.       0.       0.       0.       0.  4928
       0.       0.       0.       0.       0.       0.       0.       0.  4936
       0.       0.       0.       0.       0.       0.       0.       0.  4944
       0.       0.       0.       0.       0.       0.       0.       0.  4952
       0.       0.       0.       0.       0.       0.       0.       0.  4960
       0.       0.       0.       0.       0.       0.       0.       0.  4968
       0.       0.       0.       0.       0.       0.       0.       0.  4976
       0.       0.       0.       0.       0.       0.       0.       0.  4984
       0.       0.       0.       0.       0.       0.       0.       0.  4992
       0.       0.       0.       0.       0.       0.       0.       0.  5000
       0.       0.       0.       0.       0.       0.       0.       0.  5008
       0.       0.       0.       0.       0.       0.       0.       0.  5016
       0.       0.       0.       0.       0.       0.       0.       0.  5024
       0.       0.       0.       0.       0.       0.       0.       0.  5032
       0.       0.       0.       0.       0.       0.       0.       0.  5040
       0.       0.       0.       0.       0.       0.       0.       0.  5048
       0.       0.       0.       0.       0.       0.       0.       0.  5056
       0.       0.       0.       0.       0.       0.       0.       0.  5064
       0.       0.       0.       0.       0.       0.       0.       0.  5072
       0.       0.       0.       0.       0.       0.       0.       0.  5080
       0.       0.       0.       0.       0.       0.       0.       0.  5088
       0.       0.       0.       0.       0.       0.       0.       0.  5096
       0.       0.       0.       0.       0.       0.       0.       0.  5104
       0.       0.       0.       0.       0.       0.       0.       0.  5112
       0.       0.       0.       0.       0.       0.       0.       0.  5120
       0.       0.       0.       0.       0.       0.       0.       0.  5128
       0.       0.       0.       0.       0.       0.       0.       0.  5136
       0.       0.       0.       0.       0.       0.       0.       0.  5144
       0.       0.       0.       0.       0.       0.       0.       0.  5152
       0.       0.       0.       0.       0.       0.       0.       0.  5160
       0.       0.       0.       0.       0.       0.       0.       0.  5168
       0.       0.       0.       0.       0.       0.       0.       0.  5176
       0.       0.       0.       0.       0.       0.       0.       0.  5184
       0.       0.       0.       0.       0.       0.       0.       0.  5192
       0.       0.       0.       0.       0.       0.       0.       0.  5200
       0.       0.       0.       0.       0.       0.       0.       0.  5208
       0.       0.       0.       0.       0.       0.       0.       0.  5216
       0.       0.       0.       0.       0.       0.       0.       0.  5224
       0.       0.       0.       0.       0.       0.       0.       0.  5232
       0.       0.       0.       0.       0.       0.       0.       0.  5240
       0.       0.       0.       0.       0.       0.       0.       0.  5248
       0.       0.       0.       0.       0.       0.       0.       0.  5256
       0.       0.       0.       0.       0.       0.       0.       0.  5264
       0.       0.       0.       0.       0.       0.       0.       0.  5272
       0.       0.       0.       0.       0.       0.       0.       0.  5280
       0.       0.       0.       0.       0.       0.       0.       0.  5288
       0.       0.       0.       0.       0.       0.       0.       0.  5296
       0.       0.       0.       0.       0.       0.       0.       0.  5304
       0.       0.       0.       0.       0.       0.       0.       0.  5312
       0.       0.       0.       0.       0.       0.       0.       0.  5320
       0.       0.       0.       0.       0.       0.       0.       0.  5328
       0.       0.       0.       0.       0.       0.       0.       0.  5336
       0.       0.       0.       0.       0.       0.       0.       0.  5344
       0.       0.       0.       0.       0.       0.       0.       0.  5352
       0.       0.       0.       0.       0.       0.       0.       0.  5360
       0.       0.       0.       0.       0.       0.       0.       0.  5368
       0.       0.       0.       0.       0.       0.       0.       0.  5376
       0.       0.       0.       0.       0.       0.       0.       0.  5384
       0.       0.       0.       0.       0.       0.       0.       0.  5392
       0.       0.       0.       0.       0.       0.       0.       0.  5400
       0.       0.       0.       0.       0.       0.       0.       0.  5408
       0.       0.       0.       0.       0.       0.       0.       0.  5416
       0.       0.       0.       0.       0.       0.       0.       0.  5424
       0.       0.       0.       0.       0.       0.       0.       0.  5432
       0.       0.       0.       0.       0.       0.       0.       0.  5440
       0.       0.       0.       0.       0.       0.       0.       0.  5448
       0.       0.       0.       0.       0.       0.       0.       0.  5456
       0.       0.       0.       0.       0.       0.       0.       0.  5464
       0.       0.       0.       0.       0.       0.       0.       0.  5472
       0.       0.       0.       0.       0.       0.       0.       0.  5480
       0.       0.       0.       0.       0.       0.       0.       0.  5488
       0.       0.       0.       0.       0.       0.       0.       0.  5496
       0.       0.       0.       0.       0.       0.       0.       0.  5504
       0.       0.       0.       0.       0.       0.       0.       0.  5512
       0.       0.       0.       0.       0.       0.       0.       0.  5520
       0.       0.       0.       0.       0.       0.       0.       0.  5528
       0.       0.       0.       0.       0.       0.       0.       0.  5536
       0.       0.       0.       0.       0.       0.       0.       0.  5544
       0.       0.       0.       0.       0.       0.       0.       0.  5552
       0.       0.       0.       0.       0.       0.       0.       0.  5560
       0.       0.       0.       0.       0.       0.       0.       0.  5568
       0.       0.       0.       0.       0.       0.       0.       0.  5576
       0.       0.       0.       0.       0.       0.       0.       0.  5584
       0.       0.       0.       0.       0.       0.       0.       0.  5592
       0.       0.       0.       0.       0.       0.       0.       0.  5600
       0.       0.       0.       0.       0.       0.       0.       0.  5608
       0.       0.       0.       0.       0.       0.       0.       0.  5616
       0.       0.       0.       0.       0.       0.       0.       0.  5624
       0.       0.       0.       0.       0.       0.       0.       0.  5632
       0.       0.       0.       0.       0.       0.       0.       0.  5640
       0.       0.       0.       0.       0.       0.       0.       0.  5648
       0.       0.       0.       0.       0.       0.       0.       0.  5656
       0.       0.       0.       0.       0.       0.       0.       0.  5664
       0.       0.       0.       0.       0.       0.       0.       0.  5672
       0.       0.       0.       0.       0.       0.       0.       0.  5680
       0.       0.       0.       0.       0.       0.       0.       0.  5688
       0.       0.       0.       0.       0.       0.       0.       0.  5696
       0.       0.       0.       0.       0.       0.       0.       0.  5704
       0.       0.       0.       0.       0.       0.       0.       0.  5712
       0.       0.       0.       0.       0.       0.       0.       0.  5720
       0.       0.       0.       0.       0.       0.       0.       0.  5728
       0.       0.       0.       0.       0.       0.       0.       0.  5736
       0.       0.       0.       0.       0.       0.       0.       0.  5744
       0.       0.       0.       0.       0.       0.       0.       0.  5752
       0.       0.       0.       0.       0.       0.       0.       0.  5760
       0.       0.       0.       0.       0.       0.       0.       0.  5768
       0.       0.       0.       0.       0.       0.       0.       0.  5776
       0.       0.       0.       0.       0.       0.       0.       0.  5784
       0.       0.       0.       0.       0.       0.       0.       0.  5792
       0.       0.       0.       0.       0.       0.       0.       0.  5800
       0.       0.       0.       0.       0.       0.       0.       0.  5808
       0.       0.       0.       0.       0.       0.       0.       0.  5816
       0.       0.       0.       0.       0.       0.       0.       0.  5824
       0.       0.       0.       0.       0.       0.       0.       0.  5832
       0.       0.       0.       0.       0.       0.       0.       0.  5840
       0.       0.       0.       0.       0.       0.       0.       0.  5848
       0.       0.       0.       0.       0.       0.       0.       0.  5856
       0.       0.       0.       0.       0.       0.       0.       0.  5864
       0.       0.       0.       0.       0.       0.       0.       0.  5872
       0.       0.       0.       0.       0.       0.       0.       0.  5880
       0.       0.       0.       0.       0.       0.       0.       0.  5888
       0.       0.       0.       0.       0.       0.       0.       0.  5896
       0.       0.       0.       0.       0.       0.       0.       0.  5904
       0.       0.       0.       0.       0.       0.       0.       0.  5912
       0.       0.       0.       0.       0.       0.       0.       0.  5920
       0.       0.       0.       0.       0.       0.       0.       0.  5928
       0.       0.       0.       0.       0.       0.       0.       0.  5936
       0.       0.       0.       0.       0.       0.       0.       0.  5944
       0.       0.       0.       0.       0.       0.       0.       0.  5952
       0.       0.       0.       0.       0.       0.       0.       0.  5960
       0.       0.       0.       0.       0.       0.       0.       0.  5968
       0.       0.       0.       0.       0.       0.       0.       0.  5976
       0.       0.       0.       0.       0.       0.       0.       0.  5984
       0.       0.       0.       0.       0.       0.       0.       0.  5992
       0.       0.       0.       0.       0.       0.       0.       0.  6000
       0.       0.       0.       0.       0.       0.       0.       0.  6008
       0.       0.       0.       0.       0.       0.       0.       0.  6016
       0.       0.       0.       0.       0.       0.       0.       0.  6024
       0.       0.       0.       0.       0.       0.       0.       0.  6032
       0.       0.       0.       0.       0.       0.       0.       0.  6040
       0.       0.       0.       0.       0.       0.       0.       0.  6048
       0.       0.       0.       0.       0.       0.       0.       0.  6056
       0.       0.       0.       0.       0.       0.       0.       0.  6064
       0.       0.       0.       0.       0.       0.       0.       0.  6072
       0.       0.       0.       0.       0.       0.       0.       0.  6080
       0.       0.       0.       0.       0.       0.       0.       0.  6088
       0.       0.       0.       0.       0.       0.       0.       0.  6096
       0.       0.       0.       0.       0.       0.       0.       0.  6104
       0.       0.       0.       0.       0.       0.       0.       0.  6112
       0.       0.       0.       0.       0.       0.       0.       0.  6120
       0.       0.       0.       0.       0.       0.       0.       0.  6128
       0.       0.       0.       0.       0.       0.       0.       0.  6136
       0.       0.       0.       0.       0.       0.       0.       0.  6144
       0.       0.       0.       0.       0.       0.       0.       0.  6152
       0.       0.       0.       0.       0.       0.       0.       0.  6160
       0.       0.       0.       0.       0.       0.       0.       0.  6168
       0.       0.       0.       0.       0.       0.       0.       0.  6176
       0.       0.       0.       0.       0.       0.       0.       0.  6184
       0.       0.       0.       0.       0.       0.       0.       0.  6192
       0.       0.       0.       0.       0.       0.       0.       0.  6200
       0.       0.       0.       0.       0.       0.       0.       0.  6208
       0.       0.       0.       0.       0.       0.       0.       0.  6216
       0.       0.       0.       0.       0.       0.       0.       0.  6224
       0.       0.       0.       0.       0.       0.       0.       0.  6232
       0.       0.       0.       0.       0.       0.       0.       0.  6240
       0.       0.       0.       0.       0.       0.       0.       0.  6248
       0.       0.       0.       0.       0.       0.       0.       0.  6256
       0.       0.       0.       0.       0.       0.       0.       0.  6264
       0.       0.       0.       0.       0.       0.       0.       0.  6272
       0.       0.       0.       0.       0.       0.       0.       0.  6280
       0.       0.       0.       0.       0.       0.       0.       0.  6288
       0.       0.       0.       0.       0.       0.       0.       0.  6296
       0.       0.       0.       0.       0.       0.       0.       0.  6304
       0.       0.       0.       0.       0.       0.       0.       0.  6312
       0.       0.       0.       0.       0.       0.       0.       0.  6320
       0.       0.       0.       0.       0.       0.       0.       0.  6328
       0.       0.       0.       0.       0.       0.       0.       0.  6336
       0.       0.       0.       0.       0.       0.       0.       0.  6344
       0.       0.       0.       0.       0.       0.       0.       0.  6352
       0.       0.       0.       0.       0.       0.       0.       0.  6360
       0.       0.       0.       0.       0.       0.       0.       0.  6368
       0.       0.       0.       0.       0.       0.       0.       0.  6376
       0.       0.       0.       0.       0.       0.       0.       0.  6384
       0.       0.       0.       0.       0.       0.       0.       0.  6392
       0.       0.       0.       0.       0.       0.       0.       0.  6400
       0.       0.       0.       0.       0.       0.       0.       0.  6408
       0.       0.       0.       0.       0.       0.       0.       0.  6416
       0.       0.       0.       0.       0.       0.       0.       0.  6424
       0.       0.       0.       0.       0.       0.       0.       0.  6432
       0.       0.       0.       0.       0.       0.       0.       0.  6440
       0.       0.       0.       0.       0.       0.       0.       0.  6448
       0.       0.       0.       0.       0.       0.       0.       0.  6456
       0.       0.       0.       0.       0.       0.       0.       0.  6464
       0.       0.       0.       0.       0.       0.       0.       0.  6472
       0.       0.       0.       0.       0.       0.       0.       0.  6480
       0.       0.       0.       0.       0.       0.       0.       0.  6488
       0.       0.       0.       0.       0.       0.       0.       0.  6496
       0.       0.       0.       0.       0.       0.       0.       0.  6504
       0.       0.       0.       0.       0.       0.       0.       0.  6512
       0.       0.       0.       0.       0.       0.       0.       0.  6520
       0.       0.       0.       0.       0.       0.       0.       0.  6528
       0.       0.       0.       0.       0.       0.       0.       0.  6536
       0.       0.       0.       0.       0.       0.       0.       0.  6544
       0.       0.       0.       0.       0.       0.       0.       0.  6552
       0.       0.       0.       0.       0.       0.       0.       0.  6560
       0.       0.       0.       0.       0.       0.       0.       0.  6568
       0.       0.       0.       0.       0.       0.       0.       0.  6576
       0.       0.       0.       0.       0.       0.       0.       0.  6584
       0.       0.       0.       0.       0.       0.       0.       0.  6592
       0.       0.       0.       0.       0.       0.       0.       0.  6600
       0.       0.       0.       0.       0.       0.       0.       0.  6608
       0.       0.       0.       0.       0.       0.       0.       0.  6616
       0.       0.       0.       0.       0.       0.       0.       0.  6624
       0.       0.       0.       0.       0.       0.       0.       0.  6632
       0.       0.       0.       0.       0.       0.       0.       0.  6640
       0.       0.       0.       0.       0.       0.       0.       0.  6648
       0.       0.       0.       0.       0.       0.       0.       0.  6656
       0.       0.       0.       0.       0.       0.       0.       0.  6664
       0.       0.       0.       0.       0.       0.       0.       0.  6672
       0.       0.       0.       0.       0.       0.       0.       0.  6680
       0.       0.       0.       0.       0.       0.       0.       0.  6688
       0.       0.       0.       0.       0.       0.       0.       0.  6696
       0.       0.       0.       0.       0.       0.       0.       0.  6704
       0.       0.       0.       0.       0.       0.       0.       0.  6712
       0.       0.       0.       0.       0.       0.       0.       0.  6720
       0.       0.       0.       0.       0.       0.       0.       0.  6728
       0.       0.       0.       0.       0.       0.       0.       0.  6736
       0.       0.       0.       0.       0.       0.       0.       0.  6744
       0.       0.       0.       0.       0.       0.       0.       0.  6752
       0.       0.       0.       0.       0.       0.       0.       0.  6760
       0.       0.       0.       0.       0.       0.       0.       0.  6768
       0.       0.       0.       0.       0.       0.       0.       0.  6776
       0.       0.       0.       0.       0.       0.       0.       0.  6784
       0.       0.       0.       0.       0.       0.       0.       0.  6792
       0.       0.       0.       0.       0.       0.       0.       0.  6800
       0.       0.       0.       0.       0.       0.       0.       0.  6808
       0.       0.       0.       0.       0.       0.       0.       0.  6816
       0.       0.       0.       0.       0.       0.       0.       0.  6824
       0.       0.       0.       0.       0.       0.       0.       0.  6832
       0.       0.       0.       0.       0.       0.       0.       0.  6840
       0.       0.       0.       0.       0.       0.       0.       0.  6848
       0.       0.       0.       0.       0.       0.       0.       0.  6856
       0.       0.       0.       0.       0.       0.       0.       0.  6864
       0.       0.       0.       0.       0.       0.       0.       0.  6872
       0.       0.       0.       0.       0.       0.       0.       0.  6880
       0.       0.       0.       0.       0.       0.       0.       0.  6888
       0.       0.       0.       0.       0.       0.       0.       0.  6896
       0.       0.       0.       0.       0.       0.       0.       0.  6904
       0.       0.       0.       0.       0.       0.       0.       0.  6912
       0.       0.       0.       0.       0.       0.       0.       0.  6920
       0.       0.       0.       0.       0.       0.       0.       0.  6928
       0.       0.       0.       0.       0.       0.       0.       0.  6936
       0.       0.       0.       0.       0.       0.       0.       0.  6944
       0.       0.       0.       0.       0.       0.       0.       0.  6952
       0.       0.       0.       0.       0.       0.       0.       0.  6960
       0.       0.       0.       0.       0.       0.       0.       0.  6968
       0.       0.       0.       0.       0.       0.       0.       0.  6976
       0.       0.       0.       0.       0.       0.       0.       0.  6984
       0.       0.       0.       0.       0.       0.       0.       0.  6992
       0.       0.       0.       0.       0.       0.       0.       0.  7000
       0.       0.       0.       0.       0.       0.       0.       0.  7008
       0.       0.       0.       0.       0.       0.       0.       0.  7016
       0.       0.       0.       0.       0.       0.       0.       0.  7024
       0.       0.       0.       0.       0.       0.       0.       0.  7032
       0.       0.       0.       0.       0.       0.       0.       0.  7040
       0.       0.       0.       0.       0.       0.       0.       0.  7048
       0.       0.       0.       0.       0.       0.       0.       0.  7056
       0.       0.       0.       0.       0.       0.       0.       0.  7064
       0.       0.       0.       0.       0.       0.       0.       0.  7072
       0.       0.       0.       0.       0.       0.       0.       0.  7080
       0.       0.       0.       0.       0.       0.       0.       0.  7088
       0.       0.       0.       0.       0.       0.       0.       0.  7096
       0.       0.       0.       0.       0.       0.       0.       0.  7104
       0.       0.       0.       0.       0.       0.       0.       0.  7112
       0.       0.       0.       0.       0.       0.       0.       0.  7120
       0.       0.       0.       0.       0.       0.       0.       0.  7128
       0.       0.       0.       0.       0.       0.       0.       0.  7136
       0.       0.       0.       0.       0.       0.       0.       0.  7144
       0.       0.       0.       0.       0.       0.       0.       0.  7152
       0.       0.       0.       0.       0.       0.       0.       0.  7160
       0.       0.       0.       0.       0.       0.       0.       0.  7168
       0.       0.       0.       0.       0.       0.       0.       0.  7176
       0.       0.       0.       0.       0.       0.       0.       0.  7184
       0.       0.       0.       0.       0.       0.       0.       0.  7192
       0.       0.       0.       0.       0.       0.       0.       0.  7200
       0.       0.       0.       0.       0.       0.       0.       0.  7208
       0.       0.       0.       0.       0.       0.       0.       0.  7216
       0.       0.       0.       0.       0.       0.       0.       0.  7224
       0.       0.       0.       0.       0.       0.       0.       0.  7232
       0.       0.       0.       0.       0.       0.       0.       0.  7240
       0.       0.       0.       0.       0.       0.       0.       0.  7248
       0.       0.       0.       0.       0.       0.       0.       0.  7256
       0.       0.       0.       0.       0.       0.       0.       0.  7264
       0.       0.       0.       0.       0.       0.       0.       0.  7272
       0.       0.       0.       0.       0.       0.       0.       0.  7280
       0.       0.       0.       0.       0.       0.       0.       0.  7288
       0.       0.       0.       0.       0.       0.       0.       0.  7296
       0.       0.       0.       0.       0.       0.       0.       0.  7304
       0.       0.       0.       0.       0.       0.       0.       0.  7312
       0.       0.       0.       0.       0.       0.       0.       0.  7320
       0.       0.       0.       0.       0.       0.       0.       0.  7328
       0.       0.       0.       0.       0.       0.       0.       0.  7336
       0.       0.       0.       0.       0.       0.       0.       0.  7344
       0.       0.       0.       0.       0.       0.       0.       0.  7352
       0.       0.       0.       0.       0.       0.       0.       0.  7360
       0.       0.       0.       0.       0.       0.       0.       0.  7368
       0.       0.       0.       0.       0.       0.       0.       0.  7376
       0.       0.       0.       0.       0.       0.       0.       0.  7384
       0.       0.       0.       0.       0.       0.       0.       0.  7392
       0.       0.       0.       0.       0.       0.       0.       0.  7400
       0.       0.       0.       0.       0.       0.       0.       0.  7408
       0.       0.       0.       0.       0.       0.       0.       0.  7416
       0.       0.       0.       0.       0.       0.       0.       0.  7424
       0.       0.       0.       0.       0.       0.       0.       0.  7432
       0.       0.       0.       0.       0.       0.       0.       0.  7440
       0.       0.       0.       0.       0.       0.       0.       0.  7448
       0.       0.       0.       0.       0.       0.       0.       0.  7456
       0.       0.       0.       0.       0.       0.       0.       0.  7464
       0.       0.       0.       0.       0.       0.       0.       0.  7472
       0.       0.       0.       0.       0.       0.       0.       0.  7480
       0.       0.       0.       0.       0.       0.       0.       0.  7488
       0.       0.       0.       0.       0.       0.       0.       0.  7496
       0.       0.       0.       0.       0.       0.       0.       0.  7504
       0.       0.       0.       0.       0.       0.       0.       0.  7512
       0.       0.       0.       0.       0.       0.       0.       0.  7520
       0.       0.       0.       0.       0.       0.       0.       0.  7528
       0.       0.       0.       0.       0.       0.       0.       0.  7536
       0.       0.       0.       0.       0.       0.       0.       0.  7544
       0.       0.       0.       0.       0.       0.       0.       0.  7552
       0.       0.       0.       0.       0.       0.       0.       0.  7560
       0.       0.       0.       0.       0.       0.       0.       0.  7568
       0.       0.       0.       0.       0.       0.       0.       0.  7576
       0.       0.       0.       0.       0.       0.       0.       0.  7584
       0.       0.       0.       0.       0.       0.       0.       0.  7592
       0.       0.       0.       0.       0.       0.       0.       0.  7600
       0.       0.       0.       0.       0.       0.       0.       0.  7608
       0.       0.       0.       0.       0.       0.       0.       0.  7616
       0.       0.       0.       0.       0.       0.       0.       0.  7624
       0.       0.       0.       0.       0.       0.       0.       0.  7632
       0.       0.       0.       0.       0.       0.       0.       0.  7640
       0.       0.       0.       0.       0.       0.       0.       0.  7648
       0.       0.       0.       0.       0.       0.       0.       0.  7656
       0.       0.       0.       0.       0.       0.       0.       0.  7664
       0.       0.       0.       0.       0.       0.       0.       0.  7672
       0.       0.       0.       0.       0.       0.       0.       0.  7680
       0.       0.       0.       0.       0.       0.       0.       0.  7688
       0.       0.       0.       0.       0.       0.       0.       0.  7696
       0.       0.       0.       0.       0.       0.       0.       0.  7704
       0.       0.       0.       0.       0.       0.       0.       0.  7712
       0.       0.       0.       0.       0.       0.       0.       0.  7720
       0.       0.       0.       0.       0.       0.       0.       0.  7728
       0.       0.       0.       0.       0.       0.       0.       0.  7736
       0.       0.       0.       0.       0.       0.       0.       0.  7744
       0.       0.       0.       0.       0.       0.       0.       0.  7752
       0.       0.       0.       0.       0.       0.       0.       0.  7760
       0.       0.       0.       0.       0.       0.       0.       0.  7768
       0.       0.       0.       0.       0.       0.       0.       0.  7776
       0.       0.       0.       0.       0.       0.       0.       0.  7784
       0.       0.       0.       0.       0.       0.       0.       0.  7792
       0.       0.       0.       0.       0.       0.       0.       0.  7800
       0.       0.       0.       0.       0.       0.       0.       0.  7808
       0.       0.       0.       0.       0.       0.       0.       0.  7816
       0.       0.       0.       0.       0.       0.       0.       0.  7824
       0.       0.       0.       0.       0.       0.       0.       0.  7832
       0.       0.       0.       0.       0.       0.       0.       0.  7840
       0.       0.       0.       0.       0.       0.       0.       0.  7848
       0.       0.       0.       0.       0.       0.       0.       0.  7856
       0.       0.       0.       0.       0.       0.       0.       0.  7864
       0.       0.       0.       0.       0.       0.       0.       0.  7872
       0.       0.       0.       0.       0.       0.       0.       0.  7880
       0.       0.       0.       0.       0.       0.       0.       0.  7888
       0.       0.       0.       0.       0.       0.       0.       0.  7896
       0.       0.       0.       0.       0.       0.       0.       0.  7904
       0.       0.       0.       0.       0.       0.       0.       0.  7912
       0.       0.       0.       0.       0.       0.       0.       0.  7920
       0.       0.       0.       0.       0.       0.       0.       0.  7928
       0.       0.       0.       0.       0.       0.       0.       0.  7936
       0.       0.       0.       0.       0.       0.       0.       0.  7944
       0.       0.       0.       0.       0.       0.       0.       0.  7952
       0.       0.       0.       0.       0.       0.       0.       0.  7960
       0.       0.       0.       0.       0.       0.       0.       0.  7968
       0.       0.       0.       0.       0.       0.       0.       0.  7976
       0.       0.       0.       0.       0.       0.       0.       0.  7984
       0.       0.       0.       0.       0.       0.       0.       0.  7992
       0.       0.       0.       0.       0.       0.       0.       0.  8000
       0.       0.       0.       0.       0.       0.       0.       0.  8008
       0.       0.       0.       0.       0.       0.       0.       0.  8016
       0.       0.       0.       0.       0.       0.       0.       0.  8024
       0.       0.       0.       0.       0.       0.       0.       0.  8032
       0.       0.       0.       0.       0.       0.       0.       0.  8040
       0.       0.       0.       0.       0.       0.       0.       0.  8048
       0.       0.       0.       0.       0.       0.       0.       0.  8056
       0.       0.       0.       0.       0.       0.       0.       0.  8064
       0.       0.       0.       0.       0.       0.       0.       0.  8072
       0.       0.       0.       0.       0.       0.       0.       0.  8080
       0.       0.       0.       0.       0.       0.       0.       0.  8088
       0.       0.       0.       0.       0.       0.       0.       0.  8096
       0.       0.       0.       0.       0.       0.       0.       0.  8104
       0.       0.       0.       0.       0.       0.       0.       0.  8112
       0.       0.       0.       0.       0.       0.       0.       0.  8120
       0.       0.       0.       0.       0.       0.       0.       0.  8128
       0.       0.       0.       0.       0.       0.       0.       0.  8136
       0.       0.       0.       0.       0.       0.       0.       0.  8144
       0.       0.       0.       0.       0.       0.       0.       0.  8152
       0.       0.       0.       0.       0.       0.       0.       0.  8160
       0.       0.       0.       0.       0.       0.       0.       0.  8168
       0.       0.       0.       0.       0.       0.       0.       0.  8176
       0.       0.       0.       0.       0.       0.       0.       0.  8184
       0.       0.       0.       0.       0.       0.       0.       0.  8192
Time:       2565 LM =    0 RM =    0 CM = 1131                                
DT_TOTAL =        0.000000e+000 DT_N =          0 CNTDT =        0.000000e+000
Title:  Jakies widmo                                                                                    
    0   markers                                                               
Calibration y[ ____ ] = 0.000000 * chan + 0.000000
0  REGIONS
