 8192    1 3 IBMD    Jakies widmo 14:52:21 30-Nov-17 000271.4A GMWPC0 ZFJA UW 
       0.       0.       0.       0.       0.       0.       0.       0.  0008
       0.       0.       0.       0.       0.       0.       0.       0.  0016
       0.       0.       0.       0.       0.       0.       0.       0.  0024
       0.       0.       0.       0.       0.       0.       0.       0.  0032
       0.       0.       0.       0.       0.       0.       0.       0.  0040
       0.       0.       0.       0.       0.       0.       0.       0.  0048
       0.       0.       0.       0.       0.       0.       0.       0.  0056
       0.       0.       0.       0.       0.       0.       0.       0.  0064
       0.       0.       0.       0.       0.       0.       0.       0.  0072
       0.       0.       0.       0.       0.       0.       0.       0.  0080
       0.       0.       0.       0.       0.       0.       0.       0.  0088
       0.       0.       0.       0.       0.       0.       0.       0.  0096
       0.       0.       0.       0.       0.       0.       0.       0.  0104
       0.       0.       0.       0.       0.       0.       0.       0.  0112
       0.       0.       0.       0.       0.       0.       0.       0.  0120
       0.       0.       0.       0.       0.       0.       0.       0.  0128
       0.       0.       0.       0.       0.       0.       0.       0.  0136
       0.       0.       0.       0.       0.       0.       0.       0.  0144
       0.       0.       0.       0.       0.       0.       0.       0.  0152
       0.       0.       0.       0.       0.       0.       0.       0.  0160
       0.       0.       0.       0.       0.       0.       0.       0.  0168
       0.       0.       0.       0.       0.       0.       0.       0.  0176
       0.       0.       0.       0.       0.       4.       9.       3.  0184
       5.       4.       5.       3.       9.       4.       4.       4.  0192
       2.       2.       3.       6.       2.       5.       5.       1.  0200
       6.       4.       1.       4.       5.       4.       2.       2.  0208
       1.       1.       1.       2.       3.       1.       1.       1.  0216
       1.       4.       2.       1.       3.       2.       2.       3.  0224
       3.       3.       0.       6.       1.       4.       1.       2.  0232
       0.       0.       1.       1.       3.       0.       2.       2.  0240
       1.       3.       2.       3.       1.       1.       0.       0.  0248
       0.       2.       4.       2.       2.       0.       0.       1.  0256
       1.       0.       1.       2.       1.       0.       2.       1.  0264
       1.       1.       0.       0.       1.       1.       1.       2.  0272
       0.       1.       0.       2.       1.       1.       0.       1.  0280
       1.       0.       1.       0.       2.       3.       0.       3.  0288
       3.       1.       1.       1.       3.       1.       1.       0.  0296
       1.       1.       1.       0.       0.       0.       1.       0.  0304
       2.       2.       1.       0.       1.       1.       2.       1.  0312
       0.       1.       0.       1.       1.       2.       2.       0.  0320
       1.       1.       2.       0.       0.       1.       0.       0.  0328
       2.       1.       1.       0.       1.       1.       0.       1.  0336
       0.       0.       0.       0.       0.       0.       1.       1.  0344
       0.       0.       1.       0.       0.       3.       0.       1.  0352
       1.       0.       1.       1.       0.       0.       1.       0.  0360
       0.       0.       0.       1.       0.       0.       0.       1.  0368
       0.       2.       0.       0.       0.       0.       0.       0.  0376
       0.       0.       0.       1.       0.       0.       0.       0.  0384
       0.       1.       0.       0.       0.       1.       0.       0.  0392
       0.       0.       1.       0.       0.       0.       1.       0.  0400
       0.       0.       0.       0.       0.       0.       0.       0.  0408
       0.       0.       0.       0.       0.       0.       1.       0.  0416
       0.       0.       0.       0.       1.       0.       0.       0.  0424
       0.       0.       0.       0.       0.       0.       0.       0.  0432
       0.       1.       0.       0.       0.       0.       2.       0.  0440
       0.       0.       0.       0.       0.       0.       0.       0.  0448
       1.       0.       0.       0.       0.       1.       0.       0.  0456
       0.       0.       0.       0.       0.       0.       1.       0.  0464
       0.       0.       0.       0.       1.       0.       0.       0.  0472
       0.       0.       1.       0.       0.       0.       0.       0.  0480
       1.       0.       0.       0.       0.       0.       0.       0.  0488
       0.       0.       0.       0.       0.       0.       0.       0.  0496
       0.       0.       0.       0.       0.       0.       0.       0.  0504
       0.       0.       1.       0.       0.       0.       0.       0.  0512
       0.       0.       0.       0.       1.       1.       0.       0.  0520
       0.       0.       0.       0.       0.       1.       0.       0.  0528
       0.       0.       0.       0.       0.       0.       0.       1.  0536
       0.       1.       0.       0.       1.       0.       0.       0.  0544
       0.       0.       1.       1.       0.       0.       0.       0.  0552
       1.       0.       0.       0.       0.       0.       0.       0.  0560
       1.       0.       0.       0.       1.       0.       0.       1.  0568
       0.       0.       0.       0.       0.       1.       1.       0.  0576
       0.       0.       0.       1.       0.       0.       0.       0.  0584
       0.       0.       0.       0.       0.       0.       0.       0.  0592
       0.       0.       0.       0.       1.       0.       1.       0.  0600
       0.       0.       0.       0.       2.       0.       0.       0.  0608
       0.       1.       0.       0.       1.       0.       0.       0.  0616
       0.       0.       0.       0.       0.       1.       0.       0.  0624
       0.       0.       0.       0.       1.       0.       0.       0.  0632
       0.       0.       1.       0.       0.       0.       0.       0.  0640
       0.       0.       0.       0.       0.       0.       0.       0.  0648
       0.       0.       0.       0.       0.       0.       0.       0.  0656
       0.       0.       0.       0.       0.       0.       0.       0.  0664
       0.       0.       0.       0.       0.       0.       0.       0.  0672
       0.       0.       0.       0.       0.       0.       0.       0.  0680
       0.       0.       0.       1.       0.       0.       0.       0.  0688
       0.       1.       1.       0.       0.       0.       0.       0.  0696
       0.       1.       0.       0.       0.       0.       1.       2.  0704
       0.       0.       0.       0.       0.       0.       0.       0.  0712
       0.       0.       0.       0.       0.       0.       0.       0.  0720
       0.       0.       0.       0.       0.       0.       0.       0.  0728
       0.       0.       0.       0.       0.       0.       0.       0.  0736
       0.       0.       0.       0.       0.       1.       0.       0.  0744
       0.       0.       0.       0.       0.       0.       0.       0.  0752
       0.       0.       0.       0.       0.       0.       0.       0.  0760
       0.       0.       0.       0.       0.       0.       0.       0.  0768
       0.       0.       0.       0.       0.       0.       0.       0.  0776
       0.       0.       0.       0.       0.       0.       0.       0.  0784
       0.       0.       0.       1.       0.       0.       0.       0.  0792
       0.       0.       0.       0.       0.       0.       0.       0.  0800
       0.       0.       0.       0.       1.       0.       0.       0.  0808
       0.       0.       1.       0.       0.       0.       1.       0.  0816
       0.       0.       0.       0.       0.       0.       0.       0.  0824
       0.       0.       0.       0.       0.       0.       0.       0.  0832
       0.       0.       0.       0.       0.       0.       0.       0.  0840
       0.       0.       0.       0.       0.       0.       0.       0.  0848
       0.       0.       0.       0.       0.       0.       0.       1.  0856
       0.       1.       0.       0.       0.       0.       1.       0.  0864
       0.       0.       0.       0.       0.       0.       0.       0.  0872
       0.       0.       0.       0.       0.       0.       0.       0.  0880
       0.       0.       0.       0.       0.       0.       0.       0.  0888
       0.       0.       0.       0.       0.       0.       0.       0.  0896
       0.       0.       0.       0.       0.       0.       0.       0.  0904
       0.       0.       0.       0.       0.       0.       0.       0.  0912
       0.       0.       0.       0.       0.       0.       0.       0.  0920
       0.       0.       0.       0.       0.       0.       0.       0.  0928
       0.       0.       0.       0.       0.       0.       1.       0.  0936
       0.       0.       0.       0.       0.       0.       0.       0.  0944
       0.       0.       0.       0.       0.       0.       0.       0.  0952
       0.       0.       0.       0.       0.       0.       0.       0.  0960
       0.       0.       0.       0.       1.       0.       0.       0.  0968
       0.       0.       0.       0.       0.       0.       0.       0.  0976
       0.       0.       0.       0.       0.       0.       0.       0.  0984
       0.       0.       1.       0.       0.       0.       0.       0.  0992
       0.       0.       0.       0.       0.       0.       0.       0.  1000
       0.       0.       0.       0.       0.       0.       0.       0.  1008
       0.       0.       0.       1.       0.       0.       0.       1.  1016
       0.       0.       0.       0.       0.       0.       0.       0.  1024
       0.       0.       0.       0.       0.       0.       0.       0.  1032
       0.       0.       0.       0.       0.       0.       0.       0.  1040
       0.       1.       0.       1.       0.       0.       0.       0.  1048
       0.       0.       0.       0.       0.       0.       0.       0.  1056
       0.       0.       0.       0.       0.       0.       0.       0.  1064
       0.       0.       0.       0.       0.       0.       0.       1.  1072
       0.       0.       0.       0.       0.       0.       0.       0.  1080
       0.       0.       0.       0.       0.       0.       0.       0.  1088
       1.       0.       0.       0.       0.       0.       0.       0.  1096
       0.       0.       0.       0.       0.       0.       0.       0.  1104
       0.       0.       0.       0.       0.       0.       0.       0.  1112
       0.       0.       0.       0.       0.       0.       0.       0.  1120
       0.       0.       0.       0.       0.       0.       0.       0.  1128
       0.       0.       0.       0.       0.       0.       1.       0.  1136
       0.       0.       0.       0.       0.       0.       0.       1.  1144
       0.       0.       0.       0.       0.       0.       0.       0.  1152
       0.       0.       0.       0.       0.       0.       0.       1.  1160
       0.       0.       0.       0.       0.       0.       0.       0.  1168
       0.       0.       0.       1.       0.       0.       0.       0.  1176
       0.       0.       0.       0.       0.       0.       1.       1.  1184
       0.       1.       0.       0.       0.       0.       0.       0.  1192
       0.       0.       0.       0.       0.       0.       0.       0.  1200
       0.       0.       0.       0.       1.       0.       0.       0.  1208
       0.       0.       0.       0.       0.       0.       0.       1.  1216
       0.       0.       0.       0.       0.       0.       0.       0.  1224
       0.       0.       0.       1.       1.       0.       0.       0.  1232
       1.       0.       1.       0.       0.       0.       0.       0.  1240
       0.       0.       0.       0.       0.       0.       0.       0.  1248
       0.       0.       0.       0.       0.       0.       1.       0.  1256
       0.       0.       0.       0.       0.       0.       0.       0.  1264
       0.       0.       0.       0.       0.       0.       0.       0.  1272
       0.       0.       0.       0.       0.       0.       0.       0.  1280
       0.       0.       0.       0.       0.       0.       0.       0.  1288
       0.       0.       1.       0.       0.       0.       0.       0.  1296
       0.       0.       0.       0.       0.       0.       0.       0.  1304
       0.       1.       0.       0.       0.       0.       0.       0.  1312
       0.       0.       0.       0.       1.       0.       1.       0.  1320
       0.       1.       0.       0.       1.       0.       0.       0.  1328
       0.       0.       0.       0.       0.       0.       0.       0.  1336
       0.       1.       0.       0.       0.       0.       0.       0.  1344
       0.       0.       0.       0.       0.       1.       0.       0.  1352
       0.       0.       0.       1.       0.       0.       0.       0.  1360
       0.       0.       0.       0.       0.       0.       0.       0.  1368
       0.       0.       0.       0.       0.       0.       0.       0.  1376
       0.       0.       0.       0.       0.       0.       0.       0.  1384
       0.       0.       0.       0.       0.       0.       0.       0.  1392
       0.       0.       0.       0.       0.       0.       0.       0.  1400
       0.       0.       0.       0.       0.       1.       0.       0.  1408
       0.       0.       0.       0.       1.       1.       0.       0.  1416
       0.       0.       0.       0.       0.       0.       0.       0.  1424
       0.       0.       0.       0.       0.       0.       0.       0.  1432
       0.       0.       2.       0.       0.       0.       0.       0.  1440
       0.       0.       0.       0.       0.       0.       0.       0.  1448
       0.       0.       0.       0.       0.       0.       0.       0.  1456
       0.       0.       0.       0.       0.       0.       0.       0.  1464
       0.       1.       0.       0.       0.       0.       0.       0.  1472
       0.       0.       0.       0.       0.       0.       0.       0.  1480
       0.       0.       0.       0.       0.       0.       0.       0.  1488
       0.       0.       0.       0.       0.       0.       0.       0.  1496
       0.       0.       0.       0.       0.       0.       0.       0.  1504
       0.       0.       0.       0.       0.       1.       0.       0.  1512
       0.       0.       0.       1.       0.       0.       0.       0.  1520
       0.       0.       0.       0.       0.       0.       0.       0.  1528
       0.       0.       0.       0.       1.       0.       0.       0.  1536
       0.       0.       0.       0.       0.       0.       0.       0.  1544
       0.       0.       0.       0.       0.       0.       0.       0.  1552
       0.       0.       0.       0.       0.       0.       0.       0.  1560
       0.       0.       0.       0.       0.       0.       0.       0.  1568
       0.       0.       0.       0.       0.       0.       0.       0.  1576
       0.       0.       0.       0.       0.       1.       0.       0.  1584
       0.       0.       0.       0.       0.       0.       0.       0.  1592
       0.       0.       0.       0.       0.       0.       0.       0.  1600
       0.       0.       0.       0.       0.       0.       0.       0.  1608
       0.       0.       0.       0.       0.       0.       0.       0.  1616
       0.       0.       0.       0.       0.       0.       0.       0.  1624
       0.       0.       0.       0.       0.       0.       0.       0.  1632
       0.       0.       0.       0.       0.       0.       0.       0.  1640
       0.       0.       0.       0.       0.       1.       0.       0.  1648
       0.       0.       0.       0.       0.       0.       0.       0.  1656
       1.       0.       0.       0.       0.       0.       0.       0.  1664
       0.       0.       0.       0.       0.       0.       0.       1.  1672
       0.       0.       0.       0.       0.       0.       0.       0.  1680
       0.       1.       0.       0.       0.       0.       0.       0.  1688
       0.       0.       0.       0.       0.       0.       0.       0.  1696
       0.       0.       0.       0.       0.       0.       0.       0.  1704
       0.       1.       0.       0.       0.       0.       0.       0.  1712
       0.       0.       0.       0.       1.       0.       0.       0.  1720
       0.       0.       0.       0.       0.       0.       0.       0.  1728
       1.       0.       0.       0.       0.       0.       0.       0.  1736
       0.       0.       0.       0.       1.       0.       0.       0.  1744
       0.       0.       0.       0.       0.       0.       0.       0.  1752
       0.       1.       0.       0.       0.       0.       0.       0.  1760
       0.       0.       0.       0.       0.       0.       0.       0.  1768
       0.       1.       0.       0.       0.       0.       0.       0.  1776
       0.       1.       0.       0.       1.       2.       0.       0.  1784
       0.       0.       0.       0.       0.       0.       0.       0.  1792
       1.       0.       1.       0.       0.       0.       0.       0.  1800
       0.       1.       0.       0.       0.       0.       0.       1.  1808
       0.       0.       0.       0.       1.       1.       0.       0.  1816
       0.       0.       0.       0.       0.       1.       1.       0.  1824
       0.       0.       0.       0.       0.       0.       0.       0.  1832
       0.       0.       0.       0.       0.       0.       1.       0.  1840
       0.       0.       0.       0.       1.       1.       0.       0.  1848
       1.       0.       0.       0.       0.       0.       0.       0.  1856
       0.       0.       0.       0.       0.       0.       0.       0.  1864
       0.       0.       0.       1.       0.       0.       0.       0.  1872
       0.       1.       1.       0.       0.       0.       0.       0.  1880
       0.       1.       0.       0.       0.       1.       0.       0.  1888
       0.       0.       0.       0.       0.       0.       3.       0.  1896
       0.       0.       0.       0.       0.       0.       0.       0.  1904
       0.       0.       0.       0.       0.       0.       0.       1.  1912
       0.       0.       0.       0.       0.       0.       0.       0.  1920
       0.       0.       0.       2.       0.       1.       0.       0.  1928
       0.       0.       1.       0.       0.       0.       0.       1.  1936
       0.       0.       0.       0.       0.       0.       0.       0.  1944
       0.       0.       0.       0.       0.       0.       0.       0.  1952
       0.       0.       0.       1.       1.       0.       0.       0.  1960
       0.       0.       2.       0.       0.       0.       0.       0.  1968
       0.       0.       0.       0.       0.       0.       0.       0.  1976
       0.       0.       0.       0.       0.       0.       0.       0.  1984
       0.       0.       0.       0.       0.       0.       0.       0.  1992
       0.       0.       0.       0.       0.       1.       1.       1.  2000
       0.       0.       0.       1.       0.       0.       0.       0.  2008
       0.       0.       0.       0.       0.       0.       0.       0.  2016
       1.       0.       0.       0.       0.       0.       0.       0.  2024
       0.       0.       0.       0.       0.       0.       0.       0.  2032
       0.       0.       1.       1.       0.       0.       1.       1.  2040
       0.       0.       0.       0.       0.       0.       0.       1.  2048
       0.       0.       0.       0.       0.       0.       0.       0.  2056
       0.       0.       0.       0.       0.       0.       0.       0.  2064
       1.       0.       0.       0.       0.       0.       0.       0.  2072
       0.       2.       0.       0.       0.       0.       0.       1.  2080
       0.       0.       0.       0.       0.       0.       0.       0.  2088
       0.       0.       0.       0.       0.       0.       0.       0.  2096
       0.       0.       0.       0.       0.       0.       1.       0.  2104
       1.       0.       0.       0.       0.       0.       0.       0.  2112
       1.       0.       0.       0.       0.       0.       0.       0.  2120
       0.       0.       0.       0.       0.       0.       0.       0.  2128
       0.       1.       0.       0.       0.       0.       0.       0.  2136
       0.       0.       0.       0.       0.       0.       0.       0.  2144
       1.       0.       0.       0.       0.       0.       0.       0.  2152
       0.       0.       0.       2.       0.       0.       0.       0.  2160
       0.       0.       0.       0.       0.       1.       0.       0.  2168
       0.       0.       0.       0.       0.       0.       0.       0.  2176
       1.       1.       0.       0.       0.       1.       0.       1.  2184
       0.       0.       0.       0.       0.       1.       0.       0.  2192
       0.       1.       0.       0.       0.       0.       0.       0.  2200
       0.       0.       0.       0.       1.       0.       0.       0.  2208
       0.       0.       0.       0.       0.       0.       0.       0.  2216
       0.       1.       0.       0.       0.       0.       0.       2.  2224
       1.       0.       1.       0.       0.       0.       0.       0.  2232
       0.       0.       0.       0.       0.       1.       0.       0.  2240
       0.       0.       0.       0.       0.       0.       0.       0.  2248
       0.       0.       0.       1.       0.       0.       0.       0.  2256
       0.       1.       0.       0.       0.       0.       0.       1.  2264
       0.       0.       0.       0.       1.       0.       1.       0.  2272
       0.       0.       1.       0.       1.       0.       2.       0.  2280
       0.       0.       0.       0.       0.       0.       0.       0.  2288
       1.       0.       0.       0.       0.       1.       0.       0.  2296
       0.       0.       0.       0.       1.       0.       1.       0.  2304
       0.       0.       0.       0.       0.       0.       0.       0.  2312
       0.       0.       0.       0.       0.       0.       0.       0.  2320
       0.       0.       1.       0.       0.       0.       0.       0.  2328
       0.       0.       1.       0.       0.       0.       0.       0.  2336
       0.       0.       0.       1.       0.       0.       2.       0.  2344
       0.       0.       0.       0.       0.       2.       2.       0.  2352
       0.       0.       0.       0.       0.       0.       0.       0.  2360
       0.       0.       0.       1.       0.       0.       0.       1.  2368
       0.       0.       1.       1.       0.       1.       1.       0.  2376
       0.       0.       0.       0.       0.       0.       2.       1.  2384
       1.       0.       0.       1.       0.       0.       0.       0.  2392
       0.       0.       2.       0.       1.       0.       0.       1.  2400
       1.       0.       2.       1.       1.       0.       0.       0.  2408
       1.       2.       1.       0.       0.       0.       1.       1.  2416
       0.       0.       0.       1.       0.       0.       1.       2.  2424
       2.       0.       0.       1.       0.       1.       1.       0.  2432
       0.       0.       0.       0.       0.       1.       0.       1.  2440
       2.       0.       0.       1.       1.       1.       0.       0.  2448
       0.       1.       2.       1.       2.       2.       0.       3.  2456
       3.       0.       3.       1.       1.       0.       3.       2.  2464
       1.       3.       2.       3.       2.       2.       5.       4.  2472
      10.       9.       5.      11.       9.       9.      13.       5.  2480
      15.      19.      18.       9.       9.      12.      13.      16.  2488
      21.      23.      22.      20.      23.      21.      16.      29.  2496
      26.      45.      38.      36.      38.      49.      61.      62.  2504
      65.      73.      80.      91.     104.     110.     117.     131.  2512
     147.     146.     132.     149.     170.     173.     193.     208.  2520
     194.     244.     249.     295.     300.     311.     340.     378.  2528
     384.     366.     457.     448.     423.     429.     453.     428.  2536
     399.     380.     366.     350.     311.     262.     233.     241.  2544
     169.     125.     122.      95.      79.      66.      52.      34.  2552
      22.      19.      11.       6.       7.       3.       3.       6.  2560
       2.       1.       3.       3.       2.       2.       3.       0.  2568
       4.       0.       1.       0.       0.       1.       1.       1.  2576
       0.       0.       0.       1.       0.       0.       0.       0.  2584
       0.       0.       0.       0.       0.       0.       0.       0.  2592
       0.       0.       0.       0.       0.       0.       0.       0.  2600
       0.       0.       0.       0.       0.       0.       0.       0.  2608
       0.       0.       0.       0.       0.       0.       0.       0.  2616
       0.       0.       0.       0.       0.       0.       0.       0.  2624
       0.       0.       0.       0.       0.       0.       0.       0.  2632
       0.       0.       0.       0.       0.       0.       0.       0.  2640
       0.       0.       0.       0.       0.       0.       0.       0.  2648
       0.       0.       0.       0.       0.       0.       0.       0.  2656
       0.       0.       0.       0.       0.       0.       0.       0.  2664
       0.       0.       0.       0.       0.       0.       0.       0.  2672
       0.       0.       0.       0.       0.       0.       0.       0.  2680
       0.       0.       0.       0.       0.       0.       0.       0.  2688
       0.       0.       0.       0.       0.       0.       0.       0.  2696
       0.       0.       0.       0.       0.       0.       0.       0.  2704
       0.       0.       0.       0.       0.       0.       0.       0.  2712
       0.       0.       0.       0.       0.       0.       0.       0.  2720
       0.       0.       0.       0.       0.       0.       0.       0.  2728
       0.       0.       0.       0.       0.       0.       0.       0.  2736
       0.       0.       0.       0.       0.       0.       0.       0.  2744
       0.       0.       0.       0.       0.       0.       0.       0.  2752
       0.       0.       0.       0.       0.       0.       0.       0.  2760
       0.       0.       0.       0.       0.       0.       0.       0.  2768
       0.       0.       0.       0.       0.       0.       0.       0.  2776
       0.       0.       0.       0.       0.       0.       0.       0.  2784
       0.       0.       0.       0.       0.       0.       0.       0.  2792
       0.       0.       0.       0.       0.       0.       0.       0.  2800
       0.       0.       0.       0.       0.       0.       0.       0.  2808
       0.       0.       0.       0.       0.       0.       0.       0.  2816
       0.       0.       0.       0.       0.       0.       0.       0.  2824
       0.       0.       0.       0.       0.       0.       0.       0.  2832
       0.       0.       0.       0.       0.       0.       0.       0.  2840
       0.       0.       0.       0.       0.       0.       0.       0.  2848
       0.       0.       0.       0.       0.       0.       0.       0.  2856
       0.       0.       0.       0.       0.       0.       0.       0.  2864
       0.       0.       0.       0.       0.       0.       0.       0.  2872
       0.       0.       0.       0.       0.       0.       0.       0.  2880
       0.       0.       0.       0.       0.       0.       0.       0.  2888
       0.       0.       0.       0.       0.       0.       0.       0.  2896
       0.       0.       0.       0.       0.       0.       0.       0.  2904
       0.       0.       0.       0.       0.       0.       0.       0.  2912
       0.       0.       0.       0.       0.       0.       0.       0.  2920
       0.       0.       0.       0.       0.       0.       0.       0.  2928
       0.       0.       0.       0.       0.       0.       0.       0.  2936
       0.       0.       0.       0.       0.       0.       0.       0.  2944
       0.       0.       0.       0.       0.       0.       0.       0.  2952
       0.       0.       0.       0.       0.       0.       0.       0.  2960
       0.       0.       0.       0.       0.       0.       0.       0.  2968
       0.       0.       0.       0.       0.       0.       0.       0.  2976
       0.       0.       0.       0.       0.       0.       0.       0.  2984
       0.       0.       0.       0.       0.       0.       0.       0.  2992
       0.       0.       0.       0.       0.       0.       0.       0.  3000
       0.       0.       0.       0.       0.       0.       0.       0.  3008
       0.       0.       0.       0.       0.       0.       0.       0.  3016
       0.       0.       0.       0.       0.       0.       0.       0.  3024
       0.       0.       0.       0.       0.       0.       0.       0.  3032
       0.       0.       0.       0.       0.       0.       0.       0.  3040
       0.       0.       0.       0.       0.       0.       0.       0.  3048
       0.       0.       0.       0.       0.       0.       0.       0.  3056
       0.       0.       0.       0.       0.       0.       0.       0.  3064
       0.       0.       0.       0.       0.       0.       0.       0.  3072
       0.       0.       0.       0.       0.       0.       0.       0.  3080
       0.       0.       0.       0.       0.       0.       0.       0.  3088
       0.       0.       0.       0.       0.       0.       0.       0.  3096
       0.       0.       0.       0.       0.       0.       0.       0.  3104
       0.       0.       0.       0.       0.       0.       0.       0.  3112
       0.       0.       0.       0.       0.       0.       0.       0.  3120
       0.       0.       0.       0.       0.       0.       0.       0.  3128
       0.       0.       0.       0.       0.       0.       0.       0.  3136
       0.       0.       0.       0.       0.       0.       0.       0.  3144
       0.       0.       0.       0.       0.       0.       0.       0.  3152
       0.       0.       0.       0.       0.       0.       0.       0.  3160
       0.       0.       0.       0.       0.       0.       0.       0.  3168
       0.       0.       0.       0.       0.       0.       0.       0.  3176
       0.       0.       0.       0.       0.       0.       0.       0.  3184
       0.       0.       0.       0.       0.       0.       0.       0.  3192
       0.       0.       0.       0.       0.       0.       0.       0.  3200
       0.       0.       0.       0.       0.       0.       0.       0.  3208
       0.       0.       0.       0.       0.       0.       0.       7.  3216
      12.      40.      44.     117.     196.     352.     555.     910.  3224
    1246.    1581.    1942.    2140.    2141.    2084.    1919.    1623.  3232
    1274.     894.     593.     351.     221.     100.      61.      23.  3240
       9.       4.       1.       0.       0.       0.       0.       0.  3248
       0.       0.       0.       0.       0.       0.       0.       0.  3256
       0.       0.       0.       0.       0.       0.       0.       0.  3264
       0.       0.       0.       0.       0.       0.       0.       0.  3272
       0.       1.       0.       0.       0.       0.       0.       0.  3280
       0.       0.       0.       0.       0.       0.       0.       0.  3288
       0.       0.       0.       0.       0.       0.       0.       0.  3296
       0.       0.       0.       0.       0.       0.       0.       0.  3304
       0.       0.       0.       0.       0.       0.       0.       0.  3312
       0.       0.       0.       0.       0.       0.       0.       0.  3320
       0.       0.       0.       0.       0.       0.       0.       0.  3328
       0.       0.       0.       0.       0.       0.       0.       0.  3336
       0.       0.       0.       0.       0.       0.       0.       0.  3344
       0.       0.       0.       0.       0.       0.       0.       0.  3352
       0.       0.       0.       0.       0.       0.       0.       0.  3360
       0.       0.       0.       0.       0.       0.       0.       0.  3368
       0.       0.       0.       0.       0.       0.       0.       0.  3376
       0.       0.       0.       0.       0.       0.       0.       0.  3384
       0.       0.       0.       0.       0.       0.       0.       0.  3392
       0.       0.       0.       0.       0.       0.       0.       0.  3400
       0.       0.       0.       0.       0.       0.       0.       0.  3408
       0.       0.       0.       0.       0.       0.       0.       0.  3416
       0.       0.       0.       0.       0.       0.       0.       0.  3424
       0.       0.       0.       0.       0.       0.       0.       0.  3432
       0.       0.       0.       0.       0.       0.       0.       0.  3440
       0.       0.       0.       0.       0.       0.       0.       0.  3448
       0.       0.       0.       0.       0.       0.       0.       0.  3456
       0.       0.       0.       0.       0.       0.       0.       0.  3464
       0.       0.       0.       0.       0.       0.       0.       0.  3472
       0.       0.       0.       0.       0.       0.       0.       0.  3480
       0.       0.       0.       0.       0.       0.       0.       0.  3488
       0.       0.       0.       0.       0.       0.       0.       0.  3496
       0.       0.       0.       0.       0.       0.       0.       0.  3504
       0.       0.       0.       0.       0.       0.       0.       0.  3512
       0.       0.       0.       0.       0.       0.       0.       0.  3520
       0.       0.       0.       0.       0.       0.       0.       0.  3528
       0.       0.       0.       0.       0.       0.       0.       0.  3536
       0.       0.       0.       0.       0.       0.       0.       0.  3544
       0.       0.       0.       0.       0.       0.       0.       0.  3552
       0.       0.       0.       0.       0.       0.       0.       0.  3560
       0.       0.       0.       0.       0.       0.       0.       0.  3568
       0.       0.       0.       0.       0.       0.       0.       0.  3576
       0.       0.       0.       0.       0.       0.       0.       0.  3584
       0.       0.       0.       0.       0.       0.       0.       0.  3592
       0.       0.       0.       0.       0.       0.       0.       0.  3600
       0.       0.       0.       0.       0.       0.       0.       0.  3608
       0.       0.       0.       0.       0.       0.       0.       0.  3616
       0.       0.       0.       0.       0.       0.       0.       0.  3624
       0.       0.       0.       0.       0.       0.       0.       0.  3632
       0.       0.       0.       0.       0.       0.       0.       0.  3640
       0.       0.       0.       0.       0.       0.       0.       0.  3648
       0.       0.       0.       0.       0.       0.       0.       0.  3656
       0.       0.       0.       0.       0.       0.       0.       0.  3664
       0.       0.       0.       0.       0.       0.       0.       0.  3672
       0.       0.       0.       0.       0.       0.       0.       0.  3680
       0.       0.       0.       0.       0.       0.       0.       0.  3688
       0.       0.       0.       0.       0.       0.       0.       0.  3696
       0.       0.       0.       0.       0.       0.       0.       0.  3704
       0.       0.       0.       0.       0.       0.       0.       0.  3712
       0.       0.       0.       0.       0.       0.       0.       0.  3720
       0.       0.       0.       0.       0.       0.       0.       0.  3728
       0.       0.       0.       0.       0.       0.       0.       0.  3736
       0.       0.       0.       0.       0.       0.       0.       0.  3744
       0.       0.       0.       0.       0.       0.       0.       0.  3752
       0.       0.       0.       0.       0.       0.       0.       0.  3760
       0.       0.       0.       0.       0.       0.       0.       0.  3768
       0.       0.       0.       0.       0.       0.       0.       0.  3776
       0.       0.       0.       0.       0.       0.       0.       0.  3784
       0.       0.       0.       0.       0.       0.       0.       0.  3792
       0.       0.       0.       0.       0.       0.       0.       0.  3800
       0.       0.       0.       0.       0.       0.       0.       0.  3808
       0.       0.       0.       0.       0.       0.       0.       0.  3816
       0.       0.       0.       0.       0.       0.       0.       0.  3824
       0.       0.       0.       0.       0.       0.       0.       0.  3832
       0.       0.       0.       0.       0.       0.       0.       0.  3840
       0.       0.       0.       0.       0.       0.       0.       0.  3848
       0.       0.       0.       0.       0.       0.       0.       0.  3856
       0.       0.       0.       0.       0.       0.       0.       0.  3864
       0.       0.       0.       0.       0.       0.       0.       0.  3872
       0.       0.       0.       0.       0.       0.       0.       0.  3880
       0.       0.       0.       0.       0.       0.       0.       0.  3888
       0.       0.       0.       0.       0.       0.       0.       0.  3896
       0.       0.       0.       0.       0.       0.       0.       0.  3904
       0.       0.       0.       0.       0.       0.       0.       0.  3912
       0.       0.       0.       0.       0.       0.       0.       0.  3920
       0.       0.       0.       0.       0.       0.       0.       0.  3928
       0.       0.       0.       0.       0.       0.       0.       0.  3936
       0.       0.       0.       0.       0.       0.       0.       0.  3944
       0.       0.       0.       0.       0.       0.       0.       0.  3952
       0.       0.       0.       0.       0.       0.       0.       0.  3960
       0.       0.       0.       0.       0.       0.       0.       0.  3968
       0.       0.       0.       0.       0.       0.       0.       0.  3976
       0.       0.       0.       0.       0.       0.       0.       0.  3984
       0.       0.       0.       0.       0.       0.       0.       0.  3992
       0.       0.       0.       0.       0.       0.       0.       0.  4000
       0.       0.       0.       0.       0.       0.       0.       0.  4008
       0.       0.       0.       0.       0.       0.       0.       0.  4016
       0.       0.       0.       0.       0.       0.       0.       0.  4024
       0.       0.       0.       0.       0.       0.       0.       0.  4032
       0.       0.       0.       0.       0.       0.       0.       0.  4040
       0.       0.       0.       0.       0.       0.       0.       0.  4048
       0.       0.       0.       0.       0.       0.       0.       0.  4056
       0.       0.       0.       0.       0.       0.       0.       0.  4064
       0.       0.       0.       0.       0.       0.       0.       0.  4072
       0.       0.       0.       0.       0.       0.       0.       0.  4080
       0.       0.       0.       0.       0.       0.       0.       0.  4088
       0.       0.       0.       0.       0.       0.       0.       0.  4096
       0.       0.       0.       0.       0.       0.       0.       0.  4104
       0.       0.       0.       0.       0.       0.       0.       0.  4112
       0.       0.       0.       0.       0.       0.       0.       0.  4120
       0.       0.       0.       0.       0.       0.       0.       0.  4128
       0.       0.       0.       0.       0.       0.       0.       0.  4136
       0.       0.       0.       0.       0.       0.       0.       0.  4144
       0.       0.       0.       0.       0.       0.       0.       0.  4152
       0.       0.       0.       0.       0.       0.       0.       0.  4160
       0.       0.       0.       0.       0.       0.       0.       0.  4168
       0.       0.       0.       0.       0.       0.       0.       0.  4176
       0.       0.       0.       0.       0.       0.       0.       0.  4184
       0.       0.       0.       0.       0.       0.       0.       0.  4192
       0.       0.       0.       0.       0.       0.       0.       0.  4200
       0.       0.       0.       0.       0.       0.       0.       0.  4208
       0.       0.       0.       0.       0.       0.       0.       0.  4216
       0.       0.       0.       0.       0.       0.       0.       0.  4224
       0.       0.       0.       0.       0.       0.       0.       0.  4232
       0.       0.       0.       0.       0.       0.       0.       0.  4240
       0.       0.       0.       0.       0.       0.       0.       0.  4248
       0.       0.       0.       0.       0.       0.       0.       0.  4256
       0.       0.       0.       0.       0.       0.       0.       0.  4264
       0.       0.       0.       0.       0.       0.       0.       0.  4272
       0.       0.       0.       0.       0.       0.       0.       0.  4280
       0.       0.       0.       0.       0.       0.       0.       0.  4288
       0.       0.       0.       0.       0.       0.       0.       0.  4296
       0.       0.       0.       0.       0.       0.       0.       0.  4304
       0.       0.       0.       0.       0.       0.       0.       0.  4312
       0.       0.       0.       0.       0.       0.       0.       0.  4320
       0.       0.       0.       0.       0.       0.       0.       0.  4328
       0.       0.       0.       0.       0.       0.       0.       0.  4336
       0.       0.       0.       0.       0.       0.       0.       0.  4344
       0.       0.       0.       0.       0.       0.       0.       0.  4352
       0.       0.       0.       0.       0.       0.       0.       0.  4360
       0.       0.       0.       0.       0.       0.       0.       0.  4368
       0.       0.       0.       0.       0.       0.       0.       0.  4376
       0.       0.       0.       0.       0.       0.       0.       0.  4384
       0.       0.       0.       0.       0.       0.       0.       0.  4392
       0.       0.       0.       0.       0.       0.       0.       0.  4400
       0.       0.       0.       0.       0.       0.       0.       0.  4408
       0.       0.       0.       0.       0.       0.       0.       0.  4416
       0.       0.       0.       0.       0.       0.       0.       0.  4424
       0.       0.       0.       0.       0.       0.       0.       0.  4432
       0.       0.       0.       0.       0.       0.       0.       0.  4440
       0.       0.       0.       0.       0.       0.       0.       0.  4448
       0.       0.       0.       0.       0.       0.       0.       0.  4456
       0.       0.       0.       0.       0.       0.       0.       0.  4464
       0.       0.       0.       0.       0.       0.       0.       0.  4472
       0.       0.       0.       0.       0.       0.       0.       0.  4480
       0.       0.       0.       0.       0.       0.       0.       0.  4488
       0.       0.       0.       0.       0.       0.       0.       0.  4496
       0.       0.       0.       0.       0.       0.       0.       0.  4504
       0.       0.       0.       0.       0.       0.       0.       0.  4512
       0.       0.       0.       0.       0.       0.       0.       0.  4520
       0.       0.       0.       0.       0.       0.       0.       0.  4528
       0.       0.       0.       0.       0.       0.       0.       0.  4536
       0.       0.       0.       0.       0.       0.       0.       0.  4544
       0.       0.       0.       0.       0.       0.       0.       0.  4552
       0.       0.       0.       0.       0.       0.       0.       0.  4560
       0.       0.       0.       0.       0.       0.       0.       0.  4568
       0.       0.       0.       0.       0.       0.       0.       0.  4576
       0.       0.       0.       0.       0.       0.       0.       0.  4584
       0.       0.       0.       0.       0.       0.       0.       0.  4592
       0.       0.       0.       0.       0.       0.       0.       0.  4600
       0.       0.       0.       0.       0.       0.       0.       0.  4608
       0.       0.       0.       0.       0.       0.       0.       0.  4616
       0.       0.       0.       0.       0.       0.       0.       0.  4624
       0.       0.       0.       0.       0.       0.       0.       0.  4632
       0.       0.       0.       0.       0.       0.       0.       0.  4640
       0.       0.       0.       0.       0.       0.       0.       0.  4648
       0.       0.       0.       0.       0.       0.       0.       0.  4656
       0.       0.       0.       0.       0.       0.       0.       0.  4664
       0.       0.       0.       0.       0.       0.       0.       0.  4672
       0.       0.       0.       0.       0.       0.       0.       0.  4680
       0.       0.       0.       0.       0.       0.       0.       0.  4688
       0.       0.       0.       0.       0.       0.       0.       0.  4696
       0.       0.       0.       0.       0.       0.       0.       0.  4704
       0.       0.       0.       0.       0.       0.       0.       0.  4712
       0.       0.       0.       0.       0.       0.       0.       0.  4720
       0.       0.       0.       0.       0.       0.       0.       0.  4728
       0.       0.       0.       0.       0.       0.       0.       0.  4736
       0.       0.       0.       0.       0.       0.       0.       0.  4744
       0.       0.       0.       0.       0.       0.       0.       0.  4752
       0.       0.       0.       0.       0.       0.       0.       0.  4760
       0.       0.       0.       0.       0.       0.       0.       0.  4768
       0.       0.       0.       0.       0.       0.       0.       0.  4776
       0.       0.       0.       0.       0.       0.       0.       0.  4784
       0.       0.       0.       0.       0.       0.       0.       0.  4792
       0.       0.       0.       0.       0.       0.       0.       0.  4800
       0.       0.       0.       0.       0.       0.       0.       0.  4808
       0.       0.       0.       0.       0.       0.       0.       0.  4816
       0.       0.       0.       0.       0.       0.       0.       0.  4824
       0.       0.       0.       0.       0.       0.       0.       0.  4832
       0.       0.       0.       0.       0.       0.       0.       0.  4840
       0.       0.       0.       0.       0.       0.       0.       0.  4848
       0.       0.       0.       0.       0.       0.       0.       0.  4856
       0.       0.       0.       0.       0.       0.       0.       0.  4864
       0.       0.       0.       0.       0.       0.       0.       0.  4872
       0.       0.       0.       0.       0.       0.       0.       0.  4880
       0.       0.       0.       0.       0.       0.       0.       0.  4888
       0.       0.       0.       0.       0.       0.       0.       0.  4896
       0.       0.       0.       0.       0.       0.       0.       0.  4904
       0.       0.       0.       0.       0.       0.       0.       0.  4912
       0.       0.       0.       0.       0.       0.       0.       0.  4920
       0.       0.       0.       0.       0.       0.       0.       0.  4928
       0.       0.       0.       0.       0.       0.       0.       0.  4936
       0.       0.       0.       0.       0.       0.       0.       0.  4944
       0.       0.       0.       0.       0.       0.       0.       0.  4952
       0.       0.       0.       0.       0.       0.       0.       0.  4960
       0.       0.       0.       0.       0.       0.       0.       0.  4968
       0.       0.       0.       0.       0.       0.       0.       0.  4976
       0.       0.       0.       0.       0.       0.       0.       0.  4984
       0.       0.       0.       0.       0.       0.       0.       0.  4992
       0.       0.       0.       0.       0.       0.       0.       0.  5000
       0.       0.       0.       0.       0.       0.       0.       0.  5008
       0.       0.       0.       0.       0.       0.       0.       0.  5016
       0.       0.       0.       0.       0.       0.       0.       0.  5024
       0.       0.       0.       0.       0.       0.       0.       0.  5032
       0.       0.       0.       0.       0.       0.       0.       0.  5040
       0.       0.       0.       0.       0.       0.       0.       0.  5048
       0.       0.       0.       0.       0.       0.       0.       0.  5056
       0.       0.       0.       0.       0.       0.       0.       0.  5064
       0.       0.       0.       0.       0.       0.       0.       0.  5072
       0.       0.       0.       0.       0.       0.       0.       0.  5080
       0.       0.       0.       0.       0.       0.       0.       0.  5088
       0.       0.       0.       0.       0.       0.       0.       0.  5096
       0.       0.       0.       0.       0.       0.       0.       0.  5104
       0.       0.       0.       0.       0.       0.       0.       0.  5112
       0.       0.       0.       0.       0.       0.       0.       0.  5120
       0.       0.       0.       0.       0.       0.       0.       0.  5128
       0.       0.       0.       0.       0.       0.       0.       0.  5136
       0.       0.       0.       0.       0.       0.       0.       0.  5144
       0.       0.       0.       0.       0.       0.       0.       0.  5152
       0.       0.       0.       0.       0.       0.       0.       0.  5160
       0.       0.       0.       0.       0.       0.       0.       0.  5168
       0.       0.       0.       0.       0.       0.       0.       0.  5176
       0.       0.       0.       0.       0.       0.       0.       0.  5184
       0.       0.       0.       0.       0.       0.       0.       0.  5192
       0.       0.       0.       0.       0.       0.       0.       0.  5200
       0.       0.       0.       0.       0.       0.       0.       0.  5208
       0.       0.       0.       0.       0.       0.       0.       0.  5216
       0.       0.       0.       0.       0.       0.       0.       0.  5224
       0.       0.       0.       0.       0.       0.       0.       0.  5232
       0.       0.       0.       0.       0.       0.       0.       0.  5240
       0.       0.       0.       0.       0.       0.       0.       0.  5248
       0.       0.       0.       0.       0.       0.       0.       0.  5256
       0.       0.       0.       0.       0.       0.       0.       0.  5264
       0.       0.       0.       0.       0.       0.       0.       0.  5272
       0.       0.       0.       0.       0.       0.       0.       0.  5280
       0.       0.       0.       0.       0.       0.       0.       0.  5288
       0.       0.       0.       0.       0.       0.       0.       0.  5296
       0.       0.       0.       0.       0.       0.       0.       0.  5304
       0.       0.       0.       0.       0.       0.       0.       0.  5312
       0.       0.       0.       0.       0.       0.       0.       0.  5320
       0.       0.       0.       0.       0.       0.       0.       0.  5328
       0.       0.       0.       0.       0.       0.       0.       0.  5336
       0.       0.       0.       0.       0.       0.       0.       0.  5344
       0.       0.       0.       0.       0.       0.       0.       0.  5352
       0.       0.       0.       0.       0.       0.       0.       0.  5360
       0.       0.       0.       0.       0.       0.       0.       0.  5368
       0.       0.       0.       0.       0.       0.       0.       0.  5376
       0.       0.       0.       0.       0.       0.       0.       0.  5384
       0.       0.       0.       0.       0.       0.       0.       0.  5392
       0.       0.       0.       0.       0.       0.       0.       0.  5400
       0.       0.       0.       0.       0.       0.       0.       0.  5408
       0.       0.       0.       0.       0.       0.       0.       0.  5416
       0.       0.       0.       0.       0.       0.       0.       0.  5424
       0.       0.       0.       0.       0.       0.       0.       0.  5432
       0.       0.       0.       0.       0.       0.       0.       0.  5440
       0.       0.       0.       0.       0.       0.       0.       0.  5448
       0.       0.       0.       0.       0.       0.       0.       0.  5456
       0.       0.       0.       0.       0.       0.       0.       0.  5464
       0.       0.       0.       0.       0.       0.       0.       0.  5472
       0.       0.       0.       0.       0.       0.       0.       0.  5480
       0.       0.       0.       0.       0.       0.       0.       0.  5488
       0.       0.       0.       0.       0.       0.       0.       0.  5496
       0.       0.       0.       0.       0.       0.       0.       0.  5504
       0.       0.       0.       0.       0.       0.       0.       0.  5512
       0.       0.       0.       0.       0.       0.       0.       0.  5520
       0.       0.       0.       0.       0.       0.       0.       0.  5528
       0.       0.       0.       0.       0.       0.       0.       0.  5536
       0.       0.       0.       0.       0.       0.       0.       0.  5544
       0.       0.       0.       0.       0.       0.       0.       0.  5552
       0.       0.       0.       0.       0.       0.       0.       0.  5560
       0.       0.       0.       0.       0.       0.       0.       0.  5568
       0.       0.       0.       0.       0.       0.       0.       0.  5576
       0.       0.       0.       0.       0.       0.       0.       0.  5584
       0.       0.       0.       0.       0.       0.       0.       0.  5592
       0.       0.       0.       0.       0.       0.       0.       0.  5600
       0.       0.       0.       0.       0.       0.       0.       0.  5608
       0.       0.       0.       0.       0.       0.       0.       0.  5616
       0.       0.       0.       0.       0.       0.       0.       0.  5624
       0.       0.       0.       0.       0.       0.       0.       0.  5632
       0.       0.       0.       0.       0.       0.       0.       0.  5640
       0.       0.       0.       0.       0.       0.       0.       0.  5648
       0.       0.       0.       0.       0.       0.       0.       0.  5656
       0.       0.       0.       0.       0.       0.       0.       0.  5664
       0.       0.       0.       0.       0.       0.       0.       0.  5672
       0.       0.       0.       0.       0.       0.       0.       0.  5680
       0.       0.       0.       0.       0.       0.       0.       0.  5688
       0.       0.       0.       0.       0.       0.       0.       0.  5696
       0.       0.       0.       0.       0.       0.       0.       0.  5704
       0.       0.       0.       0.       0.       0.       0.       0.  5712
       0.       0.       0.       0.       0.       0.       0.       0.  5720
       0.       0.       0.       0.       0.       0.       0.       0.  5728
       0.       0.       0.       0.       0.       0.       0.       0.  5736
       0.       0.       0.       0.       0.       0.       0.       0.  5744
       0.       0.       0.       0.       0.       0.       0.       0.  5752
       0.       0.       0.       0.       0.       0.       0.       0.  5760
       0.       0.       0.       0.       0.       0.       0.       0.  5768
       0.       0.       0.       0.       0.       0.       0.       0.  5776
       0.       0.       0.       0.       0.       0.       0.       0.  5784
       0.       0.       0.       0.       0.       0.       0.       0.  5792
       0.       0.       0.       0.       0.       0.       0.       0.  5800
       0.       0.       0.       0.       0.       0.       0.       0.  5808
       0.       0.       0.       0.       0.       0.       0.       0.  5816
       0.       0.       0.       0.       0.       0.       0.       0.  5824
       0.       0.       0.       0.       0.       0.       0.       0.  5832
       0.       0.       0.       0.       0.       0.       0.       0.  5840
       0.       0.       0.       0.       0.       0.       0.       0.  5848
       0.       0.       0.       0.       0.       0.       0.       0.  5856
       0.       0.       0.       0.       0.       0.       0.       0.  5864
       0.       0.       0.       0.       0.       0.       0.       0.  5872
       0.       0.       0.       0.       0.       0.       0.       0.  5880
       0.       0.       0.       0.       0.       0.       0.       0.  5888
       0.       0.       0.       0.       0.       0.       0.       0.  5896
       0.       0.       0.       0.       0.       0.       0.       0.  5904
       0.       0.       0.       0.       0.       0.       0.       0.  5912
       0.       0.       0.       0.       0.       0.       0.       0.  5920
       0.       0.       0.       0.       0.       0.       0.       0.  5928
       0.       0.       0.       0.       0.       0.       0.       0.  5936
       0.       0.       0.       0.       0.       0.       0.       0.  5944
       0.       0.       0.       0.       0.       0.       0.       0.  5952
       0.       0.       0.       0.       0.       0.       0.       0.  5960
       0.       0.       0.       0.       0.       0.       0.       0.  5968
       0.       0.       0.       0.       0.       0.       0.       0.  5976
       0.       0.       0.       0.       0.       0.       0.       0.  5984
       0.       0.       0.       0.       0.       0.       0.       0.  5992
       0.       0.       0.       0.       0.       0.       0.       0.  6000
       0.       0.       0.       0.       0.       0.       0.       0.  6008
       0.       0.       0.       0.       0.       0.       0.       0.  6016
       0.       0.       0.       0.       0.       0.       0.       0.  6024
       0.       0.       0.       0.       0.       0.       0.       0.  6032
       0.       0.       0.       0.       0.       0.       0.       0.  6040
       0.       0.       0.       0.       0.       0.       0.       0.  6048
       0.       0.       0.       0.       0.       0.       0.       0.  6056
       0.       0.       0.       0.       0.       0.       0.       0.  6064
       0.       0.       0.       0.       0.       0.       0.       0.  6072
       0.       0.       0.       0.       0.       0.       0.       0.  6080
       0.       0.       0.       0.       0.       0.       0.       0.  6088
       0.       0.       0.       0.       0.       0.       0.       0.  6096
       0.       0.       0.       0.       0.       0.       0.       0.  6104
       0.       0.       0.       0.       0.       0.       0.       0.  6112
       0.       0.       0.       0.       0.       0.       0.       0.  6120
       0.       0.       0.       0.       0.       0.       0.       0.  6128
       0.       0.       0.       0.       0.       0.       0.       0.  6136
       0.       0.       0.       0.       0.       0.       0.       0.  6144
       0.       0.       0.       0.       0.       0.       0.       0.  6152
       0.       0.       0.       0.       0.       0.       0.       0.  6160
       0.       0.       0.       0.       0.       0.       0.       0.  6168
       0.       0.       0.       0.       0.       0.       0.       0.  6176
       0.       0.       0.       0.       0.       0.       0.       0.  6184
       0.       0.       0.       0.       0.       0.       0.       0.  6192
       0.       0.       0.       0.       0.       0.       0.       0.  6200
       0.       0.       0.       0.       0.       0.       0.       0.  6208
       0.       0.       0.       0.       0.       0.       0.       0.  6216
       0.       0.       0.       0.       0.       0.       0.       0.  6224
       0.       0.       0.       0.       0.       0.       0.       0.  6232
       0.       0.       0.       0.       0.       0.       0.       0.  6240
       0.       0.       0.       0.       0.       0.       0.       0.  6248
       0.       0.       0.       0.       0.       0.       0.       0.  6256
       0.       0.       0.       0.       0.       0.       0.       0.  6264
       0.       0.       0.       0.       0.       0.       0.       0.  6272
       0.       0.       0.       0.       0.       0.       0.       0.  6280
       0.       0.       0.       0.       0.       0.       0.       0.  6288
       0.       0.       0.       0.       0.       0.       0.       0.  6296
       0.       0.       0.       0.       0.       0.       0.       0.  6304
       0.       0.       0.       0.       0.       0.       0.       0.  6312
       0.       0.       0.       0.       0.       0.       0.       0.  6320
       0.       0.       0.       0.       0.       0.       0.       0.  6328
       0.       0.       0.       0.       0.       0.       0.       0.  6336
       0.       0.       0.       0.       0.       0.       0.       0.  6344
       0.       0.       0.       0.       0.       0.       0.       0.  6352
       0.       0.       0.       0.       0.       0.       0.       0.  6360
       0.       0.       0.       0.       0.       0.       0.       0.  6368
       0.       0.       0.       0.       0.       0.       0.       0.  6376
       0.       0.       0.       0.       0.       0.       0.       0.  6384
       0.       0.       0.       0.       0.       0.       0.       0.  6392
       0.       0.       0.       0.       0.       0.       0.       0.  6400
       0.       0.       0.       0.       0.       0.       0.       0.  6408
       0.       0.       0.       0.       0.       0.       0.       0.  6416
       0.       0.       0.       0.       0.       0.       0.       0.  6424
       0.       0.       0.       0.       0.       0.       0.       0.  6432
       0.       0.       0.       0.       0.       0.       0.       0.  6440
       0.       0.       0.       0.       0.       0.       0.       0.  6448
       0.       0.       0.       0.       0.       0.       0.       0.  6456
       0.       0.       0.       0.       0.       0.       0.       0.  6464
       0.       0.       0.       0.       0.       0.       0.       0.  6472
       0.       0.       0.       0.       0.       0.       0.       0.  6480
       0.       0.       0.       0.       0.       0.       0.       0.  6488
       0.       0.       0.       0.       0.       0.       0.       0.  6496
       0.       0.       0.       0.       0.       0.       0.       0.  6504
       0.       0.       0.       0.       0.       0.       0.       0.  6512
       0.       0.       0.       0.       0.       0.       0.       0.  6520
       0.       0.       0.       0.       0.       0.       0.       0.  6528
       0.       0.       0.       0.       0.       0.       0.       0.  6536
       0.       0.       0.       0.       0.       0.       0.       0.  6544
       0.       0.       0.       0.       0.       0.       0.       0.  6552
       0.       0.       0.       0.       0.       0.       0.       0.  6560
       0.       0.       0.       0.       0.       0.       0.       0.  6568
       0.       0.       0.       0.       0.       0.       0.       0.  6576
       0.       0.       0.       0.       0.       0.       0.       0.  6584
       0.       0.       0.       0.       0.       0.       0.       0.  6592
       0.       0.       0.       0.       0.       0.       0.       0.  6600
       0.       0.       0.       0.       0.       0.       0.       0.  6608
       0.       0.       0.       0.       0.       0.       0.       0.  6616
       0.       0.       0.       0.       0.       0.       0.       0.  6624
       0.       0.       0.       0.       0.       0.       0.       0.  6632
       0.       0.       0.       0.       0.       0.       0.       0.  6640
       0.       0.       0.       0.       0.       0.       0.       0.  6648
       0.       0.       0.       0.       0.       0.       0.       0.  6656
       0.       0.       0.       0.       0.       0.       0.       0.  6664
       0.       0.       0.       0.       0.       0.       0.       0.  6672
       0.       0.       0.       0.       0.       0.       0.       0.  6680
       0.       0.       0.       0.       0.       0.       0.       0.  6688
       0.       0.       0.       0.       0.       0.       0.       0.  6696
       0.       0.       0.       0.       0.       0.       0.       0.  6704
       0.       0.       0.       0.       0.       0.       0.       0.  6712
       0.       0.       0.       0.       0.       0.       0.       0.  6720
       0.       0.       0.       0.       0.       0.       0.       0.  6728
       0.       0.       0.       0.       0.       0.       0.       0.  6736
       0.       0.       0.       0.       0.       0.       0.       0.  6744
       0.       0.       0.       0.       0.       0.       0.       0.  6752
       0.       0.       0.       0.       0.       0.       0.       0.  6760
       0.       0.       0.       0.       0.       0.       0.       0.  6768
       0.       0.       0.       0.       0.       0.       0.       0.  6776
       0.       0.       0.       0.       0.       0.       0.       0.  6784
       0.       0.       0.       0.       0.       0.       0.       0.  6792
       0.       0.       0.       0.       0.       0.       0.       0.  6800
       0.       0.       0.       0.       0.       0.       0.       0.  6808
       0.       0.       0.       0.       0.       0.       0.       0.  6816
       0.       0.       0.       0.       0.       0.       0.       0.  6824
       0.       0.       0.       0.       0.       0.       0.       0.  6832
       0.       0.       0.       0.       0.       0.       0.       0.  6840
       0.       0.       0.       0.       0.       0.       0.       0.  6848
       0.       0.       0.       0.       0.       0.       0.       0.  6856
       0.       0.       0.       0.       0.       0.       0.       0.  6864
       0.       0.       0.       0.       0.       0.       0.       0.  6872
       0.       0.       0.       0.       0.       0.       0.       0.  6880
       0.       0.       0.       0.       0.       0.       0.       0.  6888
       0.       0.       0.       0.       0.       0.       0.       0.  6896
       0.       0.       0.       0.       0.       0.       0.       0.  6904
       0.       0.       0.       0.       0.       0.       0.       0.  6912
       0.       0.       0.       0.       0.       0.       0.       0.  6920
       0.       0.       0.       0.       0.       0.       0.       0.  6928
       0.       0.       0.       0.       0.       0.       0.       0.  6936
       0.       0.       0.       0.       0.       0.       0.       0.  6944
       0.       0.       0.       0.       0.       0.       0.       0.  6952
       0.       0.       0.       0.       0.       0.       0.       0.  6960
       0.       0.       0.       0.       0.       0.       0.       0.  6968
       0.       0.       0.       0.       0.       0.       0.       0.  6976
       0.       0.       0.       0.       0.       0.       0.       0.  6984
       0.       0.       0.       0.       0.       0.       0.       0.  6992
       0.       0.       0.       0.       0.       0.       0.       0.  7000
       0.       0.       0.       0.       0.       0.       0.       0.  7008
       0.       0.       0.       0.       0.       0.       0.       0.  7016
       0.       0.       0.       0.       0.       0.       0.       0.  7024
       0.       0.       0.       0.       0.       0.       0.       0.  7032
       0.       0.       0.       0.       0.       0.       0.       0.  7040
       0.       0.       0.       0.       0.       0.       0.       0.  7048
       0.       0.       0.       0.       0.       0.       0.       0.  7056
       0.       0.       0.       0.       0.       0.       0.       0.  7064
       0.       0.       0.       0.       0.       0.       0.       0.  7072
       0.       0.       0.       0.       0.       0.       0.       0.  7080
       0.       0.       0.       0.       0.       0.       0.       0.  7088
       0.       0.       0.       0.       0.       0.       0.       0.  7096
       0.       0.       0.       0.       0.       0.       0.       0.  7104
       0.       0.       0.       0.       0.       0.       0.       0.  7112
       0.       0.       0.       0.       0.       0.       0.       0.  7120
       0.       0.       0.       0.       0.       0.       0.       0.  7128
       0.       0.       0.       0.       0.       0.       0.       0.  7136
       0.       0.       0.       0.       0.       0.       0.       0.  7144
       0.       0.       0.       0.       0.       0.       0.       0.  7152
       0.       0.       0.       0.       0.       0.       0.       0.  7160
       0.       0.       0.       0.       0.       0.       0.       0.  7168
       0.       0.       0.       0.       0.       0.       0.       0.  7176
       0.       0.       0.       0.       0.       0.       0.       0.  7184
       0.       0.       0.       0.       0.       0.       0.       0.  7192
       0.       0.       0.       0.       0.       0.       0.       0.  7200
       0.       0.       0.       0.       0.       0.       0.       0.  7208
       0.       0.       0.       0.       0.       0.       0.       0.  7216
       0.       0.       0.       0.       0.       0.       0.       0.  7224
       0.       0.       0.       0.       0.       0.       0.       0.  7232
       0.       0.       0.       0.       0.       0.       0.       0.  7240
       0.       0.       0.       0.       0.       0.       0.       0.  7248
       0.       0.       0.       0.       0.       0.       0.       0.  7256
       0.       0.       0.       0.       0.       0.       0.       0.  7264
       0.       0.       0.       0.       0.       0.       0.       0.  7272
       0.       0.       0.       0.       0.       0.       0.       0.  7280
       0.       0.       0.       0.       0.       0.       0.       0.  7288
       0.       0.       0.       0.       0.       0.       0.       0.  7296
       0.       0.       0.       0.       0.       0.       0.       0.  7304
       0.       0.       0.       0.       0.       0.       0.       0.  7312
       0.       0.       0.       0.       0.       0.       0.       0.  7320
       0.       0.       0.       0.       0.       0.       0.       0.  7328
       0.       0.       0.       0.       0.       0.       0.       0.  7336
       0.       0.       0.       0.       0.       0.       0.       0.  7344
       0.       0.       0.       0.       0.       0.       0.       0.  7352
       0.       0.       0.       0.       0.       0.       0.       0.  7360
       0.       0.       0.       0.       0.       0.       0.       0.  7368
       0.       0.       0.       0.       0.       0.       0.       0.  7376
       0.       0.       0.       0.       0.       0.       0.       0.  7384
       0.       0.       0.       0.       0.       0.       0.       0.  7392
       0.       0.       0.       0.       0.       0.       0.       0.  7400
       0.       0.       0.       0.       0.       0.       0.       0.  7408
       0.       0.       0.       0.       0.       0.       0.       0.  7416
       0.       0.       0.       0.       0.       0.       0.       0.  7424
       0.       0.       0.       0.       0.       0.       0.       0.  7432
       0.       0.       0.       0.       0.       0.       0.       0.  7440
       0.       0.       0.       0.       0.       0.       0.       0.  7448
       0.       0.       0.       0.       0.       0.       0.       0.  7456
       0.       0.       0.       0.       0.       0.       0.       0.  7464
       0.       0.       0.       0.       0.       0.       0.       0.  7472
       0.       0.       0.       0.       0.       0.       0.       0.  7480
       0.       0.       0.       0.       0.       0.       0.       0.  7488
       0.       0.       0.       0.       0.       0.       0.       0.  7496
       0.       0.       0.       0.       0.       0.       0.       0.  7504
       0.       0.       0.       0.       0.       0.       0.       0.  7512
       0.       0.       0.       0.       0.       0.       0.       0.  7520
       0.       0.       0.       0.       0.       0.       0.       0.  7528
       0.       0.       0.       0.       0.       0.       0.       0.  7536
       0.       0.       0.       0.       0.       0.       0.       0.  7544
       0.       0.       0.       0.       0.       0.       0.       0.  7552
       0.       0.       0.       0.       0.       0.       0.       0.  7560
       0.       0.       0.       0.       0.       0.       0.       0.  7568
       0.       0.       0.       0.       0.       0.       0.       0.  7576
       0.       0.       0.       0.       0.       0.       0.       0.  7584
       0.       0.       0.       0.       0.       0.       0.       0.  7592
       0.       0.       0.       0.       0.       0.       0.       0.  7600
       0.       0.       0.       0.       0.       0.       0.       0.  7608
       0.       0.       0.       0.       0.       0.       0.       0.  7616
       0.       0.       0.       0.       0.       0.       0.       0.  7624
       0.       0.       0.       0.       0.       0.       0.       0.  7632
       0.       0.       0.       0.       0.       0.       0.       0.  7640
       0.       0.       0.       0.       0.       0.       0.       0.  7648
       0.       0.       0.       0.       0.       0.       0.       0.  7656
       0.       0.       0.       0.       0.       0.       0.       0.  7664
       0.       0.       0.       0.       0.       0.       0.       0.  7672
       0.       0.       0.       0.       0.       0.       0.       0.  7680
       0.       0.       0.       0.       0.       0.       0.       0.  7688
       0.       0.       0.       0.       0.       0.       0.       0.  7696
       0.       0.       0.       0.       0.       0.       0.       0.  7704
       0.       0.       0.       0.       0.       0.       0.       0.  7712
       0.       0.       0.       0.       0.       0.       0.       0.  7720
       0.       0.       0.       0.       0.       0.       0.       0.  7728
       0.       0.       0.       0.       0.       0.       0.       0.  7736
       0.       0.       0.       0.       0.       0.       0.       0.  7744
       0.       0.       0.       0.       0.       0.       0.       0.  7752
       0.       0.       0.       0.       0.       0.       0.       0.  7760
       0.       0.       0.       0.       0.       0.       0.       0.  7768
       0.       0.       0.       0.       0.       0.       0.       0.  7776
       0.       0.       0.       0.       0.       0.       0.       0.  7784
       0.       0.       0.       0.       0.       0.       0.       0.  7792
       0.       0.       0.       0.       0.       0.       0.       0.  7800
       0.       0.       0.       0.       0.       0.       0.       0.  7808
       0.       0.       0.       0.       0.       0.       0.       0.  7816
       0.       0.       0.       0.       0.       0.       0.       0.  7824
       0.       0.       0.       0.       0.       0.       0.       0.  7832
       0.       0.       0.       0.       0.       0.       0.       0.  7840
       0.       0.       0.       0.       0.       0.       0.       0.  7848
       0.       0.       0.       0.       0.       0.       0.       0.  7856
       0.       0.       0.       0.       0.       0.       0.       0.  7864
       0.       0.       0.       0.       0.       0.       0.       0.  7872
       0.       0.       0.       0.       0.       0.       0.       0.  7880
       0.       0.       0.       0.       0.       0.       0.       0.  7888
       0.       0.       0.       0.       0.       0.       0.       0.  7896
       0.       0.       0.       0.       0.       0.       0.       0.  7904
       0.       0.       0.       0.       0.       0.       0.       0.  7912
       0.       0.       0.       0.       0.       0.       0.       0.  7920
       0.       0.       0.       0.       0.       0.       0.       0.  7928
       0.       0.       0.       0.       0.       0.       0.       0.  7936
       0.       0.       0.       0.       0.       0.       0.       0.  7944
       0.       0.       0.       0.       0.       0.       0.       0.  7952
       0.       0.       0.       0.       0.       0.       0.       0.  7960
       0.       0.       0.       0.       0.       0.       0.       0.  7968
       0.       0.       0.       0.       0.       0.       0.       0.  7976
       0.       0.       0.       0.       0.       0.       0.       0.  7984
       0.       0.       0.       0.       0.       0.       0.       0.  7992
       0.       0.       0.       0.       0.       0.       0.       0.  8000
       0.       0.       0.       0.       0.       0.       0.       0.  8008
       0.       0.       0.       0.       0.       0.       0.       0.  8016
       0.       0.       0.       0.       0.       0.       0.       0.  8024
       0.       0.       0.       0.       0.       0.       0.       0.  8032
       0.       0.       0.       0.       0.       0.       0.       0.  8040
       0.       0.       0.       0.       0.       0.       0.       0.  8048
       0.       0.       0.       0.       0.       0.       0.       0.  8056
       0.       0.       0.       0.       0.       0.       0.       0.  8064
       0.       0.       0.       0.       0.       0.       0.       0.  8072
       0.       0.       0.       0.       0.       0.       0.       0.  8080
       0.       0.       0.       0.       0.       0.       0.       0.  8088
       0.       0.       0.       0.       0.       0.       0.       0.  8096
       0.       0.       0.       0.       0.       0.       0.       0.  8104
       0.       0.       0.       0.       0.       0.       0.       0.  8112
       0.       0.       0.       0.       0.       0.       0.       0.  8120
       0.       0.       0.       0.       0.       0.       0.       0.  8128
       0.       0.       0.       0.       0.       0.       0.       0.  8136
       0.       0.       0.       0.       0.       0.       0.       0.  8144
       0.       0.       0.       0.       0.       0.       0.       0.  8152
       0.       0.       0.       0.       0.       0.       0.       0.  8160
       0.       0.       0.       0.       0.       0.       0.       0.  8168
       0.       0.       0.       0.       0.       0.       0.       0.  8176
       0.       0.       0.       0.       0.       0.       0.       0.  8184
       0.       0.       0.       0.       0.       0.       0.       0.  8192
Time:       1995 LM =    0 RM =    0 CM = 2536                                
DT_TOTAL =        0.000000e+000 DT_N =          0 CNTDT =        0.000000e+000
Title:  Jakies widmo                                                          
    0   markers                                                               
Calibration y[ ____ ] = 0.000000 * chan + 0.000000
0  REGIONS
